7886 
 12618 
 12631 
 12632 
 12633 
 12634 
 12635 
 12636 
 12637 
 12638 
 12639 
 12640 
 12641 
 12642 
 12643 
 12644 
 12645 
 12646 
 12647 
 12648 
 12649 
 12650 
 12651 
 12652 
 12653 
 12654 
 12655 
 12656 
 12657 
 12658 
 12659 
 12660 
 12661 
 12662 
 12663 
 12664 
 12665 
 12666 
 12667 
 12668 
 12669 
 12670 
 12671 
 12672 
 12673 
 12674 
 12675 
 12676 
 12677 
 12678 
 12679 
 12680 
 12681 
 12682 
 12683 
 12684 
 12685 
 12686 
 12687 
 12688 
 12689 
 12690 
 12691 
 12692 
 12693 
 12694 
 12695 
 12696 
 12697 
 12698 
 12699 
 12700 
 12701 
 12702 
 12703 
 12704 
 12705 
 12706 
 12707 
 12708 
 12709 
 12710 
 12711 
 12712 
 12713 
 12714 
 12715 
 12716 
 12717 
 12718 
 12719 
 12720 
 12721 
 12722 
 12723 
 12724 
 12725 
 12726 
 12727 
 12728 
 12729 
 12730 
 12731 
 12732 
 12733 
 12734 
 12735 
 12736 
 12737 
 12738 
 12739 
 12740 
 12741 
 12742 
 12743 
 12744 
 12745 
 12746 
 12747 
 12748 
 12749 
 12750 
 12751 
 12752 
 12753 
 12754 
 12755 
 12756 
 12757 
 12758 
 12759 
 12760 
 12761 
 12762 
 12763 
 12764 
 12765 
 12766 
 12767 
 12768 
 12769 
 12770 
 12771 
 12772 
 12773 
 12774 
 12775 
 12776 
 12777 
 12778 
 12779 
 12780 
 12781 
 12782 
 12783 
 12784 
 12785 
 12786 
 12787 
 12788 
 12789 
 12790 
 12791 
 12792 
 12793 
 12794 
 12795 
 12796 
 12797 
 12798 
 12799 
 12800 
 12801 
 12802 
 12803 
 12804 
 12805 
 12806 
 12807 
 12808 
 12809 
 12810 
 12811 
 12812 
 12813 
 12814 
 12815 
 12816 
 12817 
 12818 
 12819 
 12820 
 12821 
 12822 
 12823 
 12824 
 12825 
 12826 
 12827 
 12828 
 12829 
 12830 
 12831 
 12832 
 12833 
 12834 
 12835 
 12836 
 12837 
 12838 
 12839 
 12840 
 12841 
 12842 
 12843 
 12844 
 12845 
 12846 
 12847 
 12848 
 12849 
 12850 
 12851 
 12852 
 12853 
 12854 
 12855 
 12856 
 12857 
 12858 
 12859 
 12860 
 12861 
 12862 
 12863 
 12864 
 12865 
 12866 
 12867 
 12868 
 12869 
 12870 
 12871 
 12872 
 12873 
 12874 
 12875 
 12876 
 12877 
 12878 
 12879 
 12880 
 12881 
 12882 
 12883 
 12884 
 12885 
 12886 
 12887 
 12888 
 12889 
 12890 
 12891 
 12892 
 12893 
 12894 
 12895 
 12896 
 12897 
 12898 
 12899 
 12900 
 12901 
 12902 
 12903 
 12904 
 12905 
 12906 
 12907 
 12908 
 12909 
 12910 
 12911 
 12912 
 12913 
 12914 
 12915 
 12916 
 12917 
 12918 
 12919 
 12920 
 12921 
 12922 
 12923 
 12924 
 12925 
 12926 
 12927 
 12928 
 12929 
 12930 
 12931 
 12932 
 12933 
 12934 
 12935 
 12936 
 12937 
 12938 
 12939 
 12940 
 12941 
 12942 
 12943 
 12944 
 12945 
 12946 
 12947 
 12948 
 12949 
 12950 
 12951 
 12952 
 12953 
 12954 
 12955 
 12956 
 12957 
 12958 
 12959 
 12960 
 12961 
 12962 
 12963 
 12964 
 12965 
 12966 
 12967 
 12968 
 12969 
 12970 
 12971 
 12972 
 12973 
 12974 
 12975 
 12976 
 12977 
 12978 
 12979 
 12980 
 12981 
 12982 
 12983 
 12984 
 12985 
 12986 
 12987 
 12988 
 12989 
 12990 
 12991 
 12992 
 12993 
 12994 
 12995 
 12996 
 12997 
 12998 
 12999 
 13000 
 13001 
 13002 
 13003 
 13004 
 13005 
 13006 
 13007 
 13008 
 13009 
 13010 
 13011 
 13012 
 13013 
 13014 
 13015 
 13016 
 13017 
 13018 
 13019 
 13020 
 13021 
 13022 
 13023 
 13024 
 13025 
 13026 
 13027 
 13028 
 13029 
 13030 
 13031 
 13032 
 13033 
 13034 
 13035 
 13036 
 13037 
 13038 
 13039 
 13040 
 13041 
 13042 
 13043 
 13044 
 13045 
 13046 
 13047 
 13048 
 13049 
 13050 
 13051 
 13052 
 13053 
 13054 
 13055 
 13056 
 13057 
 13058 
 13059 
 13060 
 13061 
 13062 
 13063 
 13064 
 13065 
 13066 
 13067 
 13068 
 13069 
 13070 
 13071 
 13072 
 13073 
 13074 
 13075 
 13076 
 13077 
 13078 
 13079 
 13080 
 13081 
 13082 
 13083 
 13084 
 13085 
 13086 
 13087 
 13088 
 13089 
 13090 
 13091 
 13092 
 13093 
 13094 
 13095 
 13096 
 13097 
 13098 
 13099 
 13100 
 13101 
 13102 
 13103 
 13104 
 13105 
 13106 
 13107 
 13108 
 13109 
 13110 
 13111 
 13112 
 13113 
 13114 
 13115 
 13116 
 13117 
 13118 
 13119 
 13120 
 13121 
 13122 
 13123 
 13124 
 13125 
 13126 
 13127 
 13128 
 13129 
 13130 
 13131 
 13132 
 13133 
 13134 
 13135 
 13136 
 13137 
 13138 
 13139 
 13140 
 13141 
 13142 
 13143 
 13144 
 13145 
 13146 
 13147 
 13148 
 13149 
 13150 
 13151 
 13152 
 13153 
 13154 
 13155 
 13156 
 13157 
 13158 
 13159 
 13160 
 13161 
 13162 
 13163 
 13164 
 13165 
 13166 
 13167 
 13168 
 13169 
 13170 
 13171 
 13172 
 13173 
 13174 
 13175 
 13176 
 13177 
 13178 
 13179 
 13180 
 13181 
 13182 
 13183 
 13184 
 13185 
 13186 
 13187 
 13188 
 13189 
 13190 
 13191 
 13192 
 13193 
 13194 
 13195 
 13196 
 13197 
 13198 
 13199 
 13200 
 13201 
 13202 
 13203 
 13204 
 13205 
 13206 
 13207 
 13208 
 13209 
 13210 
 13211 
 13212 
 13213 
 13214 
 13215 
 13216 
 13217 
 13218 
 13219 
 13220 
 13221 
 13222 
 13223 
 13224 
 13225 
 13226 
 13227 
 13228 
 13229 
 13230 
 13231 
 13232 
 13233 
 13234 
 13235 
 13236 
 13237 
 13238 
 13239 
 13240 
 13241 
 13242 
 13243 
 13244 
 13245 
 13246 
 13247 
 13248 
 13249 
 13250 
 13251 
 13252 
 13253 
 13254 
 13255 
 13256 
 13257 
 13258 
 13259 
 13260 
 13261 
 13262 
 13263 
 13264 
 13265 
 13266 
 13267 
 13268 
 13269 
 13270 
 13271 
 13272 
 13273 
 13274 
 13275 
 13276 
 13277 
 13278 
 13279 
 13280 
 13281 
 13282 
 13283 
 13284 
 13285 
 13286 
 13287 
 13288 
 13289 
 13290 
 13291 
 13292 
 13293 
 13294 
 13295 
 13296 
 13297 
 13298 
 13299 
 13300 
 13301 
 13302 
 13303 
 13304 
 13305 
 13306 
 13307 
 13308 
 13309 
 13310 
 13311 
 13312 
 13313 
 13314 
 13315 
 13316 
 13317 
 13318 
 13319 
 13320 
 13321 
 13322 
 13323 
 13324 
 13325 
 13326 
 13327 
 13328 
 13329 
 13330 
 13331 
 13332 
 13333 
 13334 
 13335 
 13336 
 13337 
 13338 
 13339 
 13340 
 13341 
 13342 
 13343 
 13344 
 13345 
 13346 
 13347 
 13348 
 13349 
 13350 
 13351 
 13352 
 13353 
 13354 
 13355 
 13356 
 13357 
 13358 
 13359 
 13360 
 13361 
 13362 
 13363 
 13364 
 13365 
 13366 
 13367 
 13368 
 13369 
 13370 
 13371 
 13372 
 13373 
 13374 
 13375 
 13376 
 13377 
 13378 
 13379 
 13380 
 13381 
 13382 
 13383 
 13384 
 13385 
 13386 
 13387 
 13388 
 13389 
 13390 
 13391 
 13392 
 13393 
 13394 
 13395 
 13396 
 13397 
 13398 
 13399 
 13400 
 13401 
 13402 
 13403 
 13404 
 13405 
 13406 
 13407 
 13408 
 13409 
 13410 
 13411 
 13412 
 13413 
 13414 
 13415 
 13416 
 13417 
 13418 
 13419 
 13420 
 13421 
 13422 
 13423 
 13424 
 13425 
 13426 
 13427 
 13428 
 13429 
 13430 
 13431 
 13432 
 13433 
 13434 
 13435 
 13436 
 13437 
 13438 
 13439 
 13440 
 13441 
 13442 
 13443 
 13444 
 13445 
 13446 
 13447 
 13448 
 13449 
 13450 
 13451 
 13452 
 13453 
 13454 
 13455 
 13456 
 13457 
 13458 
 13459 
 13460 
 13461 
 13462 
 13463 
 13464 
 13465 
 13466 
 13467 
 13468 
 13469 
 13470 
 13471 
 13472 
 13473 
 13474 
 13475 
 13476 
 13477 
 13478 
 13479 
 13480 
 13481 
 13482 
 13483 
 13484 
 13485 
 13486 
 13487 
 13488 
 13489 
 13490 
 13491 
 13492 
 13493 
 13494 
 13495 
 13496 
 13497 
 13498 
 13499 
 13500 
 13501 
 13502 
 13503 
 13504 
 13505 
 13506 
 13507 
 13508 
 13509 
 13510 
 13511 
 13512 
 13513 
 13514 
 13515 
 13516 
 13517 
 13518 
 13519 
 13520 
 13521 
 13522 
 13523 
 13524 
 13525 
 13526 
 13527 
 13528 
 13529 
 13530 
 13531 
 13532 
 13533 
 13534 
 13535 
 13536 
 13537 
 13538 
 13539 
 13540 
 13541 
 13542 
 13543 
 13544 
 13545 
 13546 
 13547 
 13548 
 13549 
 13550 
 13551 
 13552 
 13553 
 13554 
 13555 
 13556 
 13557 
 13558 
 13559 
 13560 
 13561 
 13562 
 13563 
 13564 
 13565 
 13566 
 13567 
 13568 
 13569 
 13570 
 13571 
 13572 
 13573 
 13574 
 13575 
 13576 
 13577 
 13578 
 13579 
 13580 
 13581 
 13582 
 13583 
 13584 
 13585 
 13586 
 13587 
 13588 
 13589 
 13590 
 13591 
 13592 
 13593 
 13594 
 13595 
 13596 
 13597 
 13598 
 13599 
 13600 
 13601 
 13602 
 13603 
 13604 
 13605 
 13606 
 13607 
 13608 
 13609 
 13610 
 13611 
 13612 
 13613 
 13614 
 13615 
 13616 
 13617 
 13618 
 13619 
 13620 
 13621 
 13622 
 13623 
 13624 
 13625 
 13626 
 13627 
 13628 
 13629 
 13630 
 13631 
 13632 
 13633 
 13634 
 13635 
 13636 
 13637 
 13638 
 13639 
 13640 
 13641 
 13642 
 13643 
 13644 
 13645 
 13646 
 13647 
 13648 
 13649 
 13650 
 13651 
 13652 
 13653 
 13654 
 13655 
 13656 
 13657 
 13658 
 13659 
 13660 
 13661 
 13662 
 13663 
 13664 
 13665 
 13666 
 13667 
 13668 
 13669 
 13670 
 13671 
 13672 
 13673 
 13674 
 13675 
 13676 
 13677 
 13678 
 13679 
 13680 
 13681 
 13682 
 13683 
 13684 
 13685 
 13686 
 13687 
 13688 
 13689 
 13690 
 13691 
 13692 
 13693 
 13694 
 13695 
 13696 
 13697 
 13698 
 13699 
 13700 
 13701 
 13702 
 13703 
 13704 
 13705 
 13706 
 13707 
 13708 
 13709 
 13710 
 13711 
 13712 
 13713 
 13714 
 13715 
 13716 
 13717 
 13718 
 13719 
 13720 
 13721 
 13722 
 13723 
 13724 
 13725 
 13726 
 13727 
 13728 
 13729 
 13730 
 13731 
 13732 
 13733 
 13734 
 13735 
 13736 
 13737 
 13738 
 13739 
 13740 
 13741 
 13742 
 13743 
 13744 
 13745 
 13746 
 13747 
 13748 
 13749 
 13750 
 13751 
 13752 
 13753 
 13754 
 13755 
 13756 
 13757 
 13758 
 13759 
 13760 
 13761 
 13762 
 13763 
 13764 
 13765 
 13766 
 13767 
 13768 
 13769 
 13770 
 13771 
 13772 
 13773 
 13774 
 13775 
 13776 
 13777 
 13778 
 13779 
 13780 
 13781 
 13782 
 13783 
 13784 
 13785 
 13786 
 13787 
 13788 
 13789 
 13790 
 13791 
 13792 
 13793 
 13794 
 13795 
 13796 
 13797 
 13798 
 13799 
 13800 
 13801 
 13802 
 13803 
 13804 
 13805 
 13806 
 13807 
 13808 
 13809 
 13810 
 13811 
 13812 
 13813 
 13814 
 13815 
 13816 
 13817 
 13818 
 13819 
 13820 
 13821 
 13822 
 13823 
 13824 
 13825 
 13826 
 13827 
 13828 
 13829 
 13830 
 13831 
 13832 
 13833 
 13834 
 13835 
 13836 
 13837 
 13838 
 13839 
 13840 
 13841 
 13842 
 13843 
 13844 
 13845 
 13846 
 13847 
 13848 
 13849 
 13850 
 13851 
 13852 
 13853 
 13854 
 13855 
 13856 
 13857 
 13858 
 13859 
 13860 
 13861 
 13862 
 13863 
 13864 
 13865 
 13866 
 13867 
 13868 
 13869 
 13870 
 13871 
 13872 
 13873 
 13874 
 13875 
 13876 
 13877 
 13878 
 13879 
 13880 
 13881 
 13882 
 13883 
 13884 
 13885 
 13886 
 13887 
 13888 
 13889 
 13890 
 13891 
 13892 
 13893 
 13894 
 13895 
 13896 
 13897 
 13898 
 13899 
 13900 
 13901 
 13902 
 13903 
 13904 
 13905 
 13906 
 13907 
 13908 
 13909 
 13910 
 13911 
 13912 
 13913 
 13914 
 13915 
 13916 
 13917 
 13918 
 13919 
 13920 
 13921 
 13922 
 13923 
 13924 
 13925 
 13926 
 13927 
 13928 
 13929 
 13930 
 13931 
 13932 
 13933 
 13934 
 13935 
 13936 
 13937 
 13938 
 13939 
 13940 
 13941 
 13942 
 13943 
 13944 
 13945 
 13946 
 13947 
 13948 
 13949 
 13950 
 13951 
 13952 
 13953 
 13954 
 13955 
 13956 
 13957 
 13958 
 13959 
 13960 
 13961 
 13962 
 13963 
 13964 
 13965 
 13966 
 13967 
 13968 
 13969 
 13970 
 13971 
 13972 
 13973 
 13974 
 13975 
 13976 
 13977 
 13978 
 13979 
 13980 
 13981 
 13982 
 13983 
 13984 
 13985 
 13986 
 13987 
 13988 
 13989 
 13990 
 13991 
 13992 
 13993 
 13994 
 13995 
 13996 
 13997 
 13998 
 13999 
 14000 
 14001 
 14002 
 14003 
 14004 
 14005 
 14006 
 14007 
 14008 
 14009 
 14010 
 14011 
 14012 
 14013 
 14014 
 14015 
 14016 
 14017 
 14018 
 14019 
 14020 
 14021 
 14022 
 14023 
 14024 
 14025 
 14026 
 14027 
 14028 
 14029 
 14030 
 14031 
 14032 
 14033 
 14034 
 14035 
 14036 
 14037 
 14038 
 14039 
 14040 
 14041 
 14042 
 14043 
 14044 
 14045 
 14046 
 14047 
 14048 
 14049 
 14050 
 14051 
 14052 
 14053 
 14054 
 14055 
 14056 
 14057 
 14058 
 14059 
 14060 
 14061 
 14062 
 14063 
 14064 
 14065 
 14066 
 14067 
 14068 
 14069 
 14070 
 14071 
 14072 
 14073 
 14074 
 14075 
 14076 
 14077 
 14078 
 14079 
 14080 
 14081 
 14082 
 14083 
 14084 
 14085 
 14086 
 14087 
 14088 
 14089 
 14090 
 14091 
 14092 
 14093 
 14094 
 14095 
 14096 
 14097 
 14098 
 14099 
 14100 
 14101 
 14102 
 14103 
 14104 
 14105 
 14106 
 14107 
 14108 
 14109 
 14110 
 14111 
 14112 
 14113 
 14114 
 14115 
 14116 
 14117 
 14118 
 14119 
 14120 
 14121 
 14122 
 14123 
 14124 
 14125 
 14126 
 14127 
 14128 
 14129 
 14130 
 14131 
 14132 
 14133 
 14134 
 14135 
 14136 
 14137 
 14138 
 14139 
 14140 
 14141 
 14142 
 14143 
 14144 
 14145 
 14146 
 14147 
 14148 
 14149 
 14150 
 14151 
 14152 
 14153 
 14154 
 14155 
 14156 
 14157 
 14158 
 14159 
 14160 
 14161 
 14162 
 14163 
 14164 
 14165 
 14166 
 14167 
 14168 
 14169 
 14170 
 14171 
 14172 
 14173 
 14174 
 14175 
 14176 
 14177 
 14178 
 14179 
 14180 
 14181 
 14182 
 14183 
 14184 
 14185 
 14186 
 14187 
 14188 
 14189 
 14190 
 14191 
 14192 
 14193 
 14194 
 14195 
 14196 
 14197 
 14198 
 14199 
 14200 
 14201 
 14202 
 14203 
 14204 
 14205 
 14206 
 14207 
 14208 
 14209 
 14210 
 14211 
 14212 
 14213 
 14214 
 14215 
 14216 
 14217 
 14218 
 14219 
 14220 
 14221 
 14222 
 14223 
 14224 
 14225 
 14226 
 14227 
 14228 
 14229 
 14230 
 14231 
 14232 
 14233 
 14234 
 14235 
 14236 
 14237 
 14238 
 14239 
 14240 
 14241 
 14242 
 14243 
 14244 
 14245 
 14246 
 14247 
 14248 
 14249 
 14250 
 14251 
 14252 
 14253 
 14254 
 14255 
 14256 
 14257 
 14258 
 14259 
 14260 
 14261 
 14262 
 14263 
 14264 
 14265 
 14266 
 14267 
 14268 
 14269 
 14270 
 14271 
 14272 
 14273 
 14274 
 14275 
 14276 
 14277 
 14278 
 14279 
 14280 
 14281 
 14282 
 14283 
 14284 
 14285 
 14286 
 14287 
 14288 
 14289 
 14290 
 14291 
 14292 
 14293 
 14294 
 14295 
 14296 
 14297 
 14298 
 14299 
 14300 
 14301 
 14302 
 14303 
 14304 
 14305 
 14306 
 14307 
 14308 
 14309 
 14310 
 14311 
 14312 
 14313 
 14314 
 14315 
 14316 
 14317 
 14318 
 14319 
 14320 
 14321 
 14322 
 14323 
 14324 
 14325 
 14326 
 14327 
 14328 
 14329 
 14330 
 14331 
 14332 
 14333 
 14334 
 14335 
 14336 
 14337 
 14338 
 14339 
 14340 
 14341 
 14342 
 14343 
 14344 
 14345 
 14346 
 14347 
 14348 
 14349 
 14350 
 14351 
 14352 
 14353 
 14354 
 14355 
 14356 
 14357 
 14358 
 14359 
 14360 
 14361 
 14362 
 14363 
 14364 
 14365 
 14366 
 14367 
 14368 
 14369 
 14370 
 14371 
 14372 
 14373 
 14374 
 14375 
 14376 
 14377 
 14378 
 14379 
 14380 
 14381 
 14382 
 14383 
 14384 
 14385 
 14386 
 14387 
 14388 
 14389 
 14390 
 14391 
 14392 
 14393 
 14394 
 14395 
 14396 
 14397 
 14398 
 14399 
 14400 
 14401 
 14402 
 14403 
 14404 
 14405 
 14406 
 14407 
 14408 
 14409 
 14410 
 14411 
 14412 
 14413 
 14414 
 14415 
 14416 
 14417 
 14418 
 14419 
 14420 
 14421 
 14422 
 14423 
 14424 
 14425 
 14426 
 14427 
 14428 
 14429 
 14430 
 14431 
 14432 
 14433 
 14434 
 14435 
 14436 
 14437 
 14438 
 14439 
 14440 
 14441 
 14442 
 14443 
 14444 
 14445 
 14446 
 14447 
 14448 
 14449 
 14450 
 14451 
 14452 
 14453 
 14454 
 14455 
 14456 
 14457 
 14458 
 14459 
 14460 
 14461 
 14462 
 14463 
 14464 
 14465 
 14466 
 14467 
 14468 
 14469 
 14470 
 14471 
 14472 
 14473 
 14474 
 14475 
 14476 
 14477 
 14478 
 14479 
 14480 
 14481 
 14482 
 14483 
 14484 
 14485 
 14486 
 14487 
 14488 
 14489 
 14490 
 14491 
 14492 
 14493 
 14494 
 14495 
 14496 
 14497 
 14498 
 14499 
 14500 
 14501 
 14502 
 14503 
 14504 
 14505 
 14506 
 14507 
 14508 
 14509 
 14510 
 14511 
 14512 
 14513 
 14514 
 14515 
 14516 
 14517 
 14518 
 14519 
 14520 
 14521 
 14522 
 14523 
 14524 
 14525 
 14526 
 14527 
 14528 
 14529 
 14530 
 14531 
 14532 
 14533 
 14534 
 14535 
 14536 
 14537 
 14538 
 14539 
 14540 
 14541 
 14542 
 14543 
 14544 
 14545 
 14546 
 14547 
 14548 
 14549 
 14550 
 14551 
 14552 
 14553 
 14554 
 14555 
 14556 
 14557 
 14558 
 14559 
 14560 
 14561 
 14562 
 14563 
 14564 
 14565 
 14566 
 14567 
 14568 
 14569 
 14570 
 14571 
 14572 
 14573 
 14574 
 14575 
 14576 
 14577 
 14578 
 14579 
 14580 
 14581 
 14582 
 14583 
 14584 
 14585 
 14586 
 14587 
 14588 
 14589 
 14590 
 14591 
 14592 
 14593 
 14594 
 14595 
 14596 
 14597 
 14598 
 14599 
 14600 
 14601 
 14602 
 14603 
 14604 
 14605 
 14606 
 14607 
 14608 
 14609 
 14610 
 14611 
 14612 
 14613 
 14614 
 14615 
 14616 
 14617 
 14618 
 14619 
 14620 
 14621 
 14622 
 14623 
 14624 
 14625 
 14626 
 14627 
 14628 
 14629 
 14630 
 14631 
 14632 
 14633 
 14634 
 14635 
 14636 
 14637 
 14638 
 14639 
 14640 
 14641 
 14642 
 14643 
 14644 
 14645 
 14646 
 14647 
 14648 
 14649 
 14650 
 14651 
 14652 
 14653 
 14654 
 14655 
 14656 
 14657 
 14658 
 14659 
 14660 
 14661 
 14662 
 14663 
 14664 
 14665 
 14666 
 14667 
 14668 
 14669 
 14670 
 14671 
 14672 
 14673 
 14674 
 14675 
 14676 
 14677 
 14678 
 14679 
 14680 
 14681 
 14682 
 14683 
 14684 
 14685 
 14686 
 14687 
 14688 
 14689 
 14690 
 14691 
 14692 
 14693 
 14694 
 14695 
 14696 
 14697 
 14698 
 14699 
 14700 
 14701 
 14702 
 14703 
 14704 
 14705 
 14706 
 14707 
 14708 
 14709 
 14710 
 14711 
 14712 
 14713 
 14714 
 14715 
 14716 
 14717 
 14718 
 14719 
 14720 
 14721 
 14722 
 14723 
 14724 
 14725 
 14726 
 14727 
 14728 
 14729 
 14730 
 14731 
 14732 
 14733 
 14734 
 14735 
 14736 
 14737 
 14738 
 14739 
 14740 
 14741 
 14742 
 14743 
 14744 
 14745 
 14746 
 14747 
 14748 
 14749 
 14750 
 14751 
 14752 
 14753 
 14754 
 14755 
 14756 
 14757 
 14758 
 14759 
 14760 
 14761 
 14762 
 14763 
 14764 
 14765 
 14766 
 14767 
 14768 
 14769 
 14770 
 14771 
 14772 
 14773 
 14774 
 14775 
 14776 
 14777 
 14778 
 14779 
 14780 
 14781 
 14782 
 14783 
 14784 
 14785 
 14786 
 14787 
 14788 
 14789 
 14790 
 14791 
 14792 
 14793 
 14794 
 14795 
 14796 
 14797 
 14798 
 14799 
 14800 
 14801 
 14802 
 14803 
 14804 
 14805 
 14806 
 14807 
 14808 
 14809 
 14810 
 14811 
 14812 
 14813 
 14814 
 14815 
 14816 
 14817 
 14818 
 14819 
 14820 
 14821 
 14822 
 14823 
 14824 
 14825 
 14826 
 14827 
 14828 
 14829 
 14830 
 14831 
 14832 
 14833 
 14834 
 14835 
 14836 
 14837 
 14838 
 14839 
 14840 
 14841 
 14842 
 14843 
 14844 
 14845 
 14846 
 14847 
 14848 
 14849 
 14850 
 14851 
 14852 
 14853 
 14854 
 14855 
 14856 
 14857 
 14858 
 14859 
 14860 
 14861 
 14862 
 14863 
 14864 
 14865 
 14866 
 14867 
 14868 
 14869 
 14870 
 14871 
 14872 
 14873 
 14874 
 14875 
 14876 
 14877 
 14878 
 14879 
 14880 
 14881 
 14882 
 14883 
 14884 
 14885 
 14886 
 14887 
 14888 
 14889 
 14890 
 14891 
 14892 
 14893 
 14894 
 14895 
 14896 
 14897 
 14898 
 14899 
 14900 
 14901 
 14902 
 14903 
 14904 
 14905 
 14906 
 14907 
 14908 
 14909 
 14910 
 14911 
 14912 
 14913 
 14914 
 14915 
 14916 
 14917 
 14918 
 14919 
 14920 
 14921 
 14922 
 14923 
 14924 
 14925 
 14926 
 14927 
 14928 
 14929 
 14930 
 14931 
 14932 
 14933 
 14934 
 14935 
 14936 
 14937 
 14938 
 14939 
 14940 
 14941 
 14942 
 14943 
 14944 
 14945 
 14946 
 14947 
 14948 
 14949 
 14950 
 14951 
 14952 
 14953 
 14954 
 14955 
 14956 
 14957 
 14958 
 14959 
 14960 
 14961 
 14962 
 14963 
 14964 
 14965 
 14966 
 14967 
 14968 
 14969 
 14970 
 14971 
 14972 
 14973 
 14974 
 14975 
 14976 
 14977 
 14978 
 14979 
 14980 
 14981 
 14982 
 14983 
 14984 
 14985 
 14986 
 14987 
 14988 
 14989 
 14990 
 14991 
 14992 
 14993 
 14994 
 14995 
 14996 
 14997 
 14998 
 14999 
 15000 
 15001 
 15002 
 15003 
 15004 
 15005 
 15006 
 15007 
 15008 
 15009 
 15010 
 15011 
 15012 
 15013 
 15014 
 15015 
 15016 
 15017 
 15018 
 15019 
 15020 
 15021 
 15022 
 15023 
 15024 
 15025 
 15026 
 15027 
 15028 
 15029 
 15030 
 15031 
 15032 
 15033 
 15034 
 15035 
 15036 
 15037 
 15038 
 15039 
 15040 
 15041 
 15042 
 15043 
 15044 
 15045 
 15046 
 15047 
 15048 
 15049 
 15050 
 15051 
 15052 
 15053 
 15054 
 15055 
 15056 
 15057 
 15058 
 15059 
 15060 
 15061 
 15062 
 15063 
 15064 
 15065 
 15066 
 15067 
 15068 
 15069 
 15070 
 15071 
 15072 
 15073 
 15074 
 15075 
 15076 
 15077 
 15078 
 15079 
 15080 
 15081 
 15082 
 15083 
 15084 
 15085 
 15086 
 15087 
 15088 
 15089 
 15090 
 15091 
 15092 
 15093 
 15094 
 15095 
 15096 
 15097 
 15098 
 15099 
 15100 
 15101 
 15102 
 15103 
 15104 
 15105 
 15106 
 15107 
 15108 
 15109 
 15110 
 15111 
 15112 
 15113 
 15114 
 15115 
 15116 
 15117 
 15118 
 15119 
 15120 
 15121 
 15122 
 15123 
 15124 
 15125 
 15126 
 15127 
 15128 
 15129 
 15130 
 15131 
 15132 
 15133 
 15134 
 15135 
 15136 
 15137 
 15138 
 15139 
 15140 
 15141 
 15142 
 15143 
 15144 
 15145 
 15146 
 15147 
 15148 
 15149 
 15150 
 15151 
 15152 
 15153 
 15154 
 15155 
 15156 
 15157 
 15158 
 15159 
 15160 
 15161 
 15162 
 15163 
 15164 
 15165 
 15166 
 15167 
 15168 
 15169 
 15170 
 15171 
 15172 
 15173 
 15174 
 15175 
 15176 
 15177 
 15178 
 15179 
 15180 
 15181 
 15182 
 15183 
 15184 
 15185 
 15186 
 15187 
 15188 
 15189 
 15190 
 15191 
 15192 
 15193 
 15194 
 15195 
 15196 
 15197 
 15198 
 15199 
 15200 
 15201 
 15202 
 15203 
 15204 
 15205 
 15206 
 15207 
 15208 
 15209 
 15210 
 15211 
 15212 
 15213 
 15214 
 15215 
 15216 
 15217 
 15218 
 15219 
 15220 
 15221 
 15222 
 15223 
 15224 
 15225 
 15226 
 15227 
 15228 
 15229 
 15230 
 15231 
 15232 
 15233 
 15234 
 15235 
 15236 
 15237 
 15238 
 15239 
 15240 
 15241 
 15242 
 15243 
 15244 
 15245 
 15246 
 15247 
 15248 
 15249 
 15250 
 15251 
 15252 
 17374 
 17375 
 17376 
 17377 
 17378 
 17379 
 17380 
 17381 
 17382 
 17383 
 17384 
 17385 
 17386 
 17387 
 17388 
 17389 
 17390 
 17391 
 17392 
 17393 
 17394 
 17395 
 17396 
 17397 
 17398 
 17399 
 17400 
 17401 
 17402 
 17403 
 17404 
 17405 
 17406 
 17407 
 17408 
 17409 
 17410 
 17411 
 17412 
 17413 
 17414 
 17415 
 17416 
 17417 
 17418 
 17419 
 17420 
 17421 
 17422 
 17423 
 17424 
 17425 
 17426 
 17427 
 17428 
 17429 
 17430 
 17431 
 17432 
 17433 
 17434 
 17435 
 17436 
 17437 
 17438 
 17439 
 17440 
 17441 
 17442 
 17443 
 17444 
 17445 
 17446 
 17447 
 17448 
 17449 
 17450 
 17451 
 17452 
 17453 
 17454 
 17455 
 17456 
 17457 
 17458 
 17459 
 17460 
 17461 
 17462 
 17463 
 17464 
 17465 
 17466 
 17467 
 17468 
 17469 
 17470 
 17471 
 17472 
 17473 
 17474 
 17475 
 17476 
 17477 
 17478 
 17479 
 17480 
 17481 
 17482 
 17483 
 17484 
 17485 
 17486 
 17487 
 17488 
 17489 
 17490 
 17491 
 17492 
 17493 
 17494 
 17495 
 17496 
 17497 
 17498 
 17499 
 17500 
 17501 
 17502 
 17503 
 17504 
 17505 
 17506 
 17507 
 17508 
 17509 
 17510 
 17511 
 17512 
 17513 
 17514 
 17515 
 17516 
 17517 
 17518 
 17519 
 17520 
 17521 
 17522 
 17523 
 17524 
 17525 
 17526 
 17527 
 17528 
 17529 
 17530 
 17531 
 17532 
 17533 
 17534 
 17535 
 17536 
 17537 
 17538 
 17539 
 17540 
 17541 
 17542 
 17543 
 17544 
 17545 
 17546 
 17547 
 17548 
 17549 
 17550 
 17551 
 17552 
 17553 
 17554 
 17555 
 17556 
 17557 
 17558 
 17559 
 17560 
 17561 
 17562 
 17563 
 17564 
 17565 
 17566 
 17567 
 17568 
 17569 
 17570 
 17571 
 17572 
 17573 
 17574 
 17575 
 17576 
 17577 
 17578 
 17579 
 17580 
 17581 
 17582 
 17583 
 17584 
 17585 
 17586 
 17587 
 17588 
 17589 
 17590 
 17591 
 17592 
 17593 
 17594 
 17595 
 17596 
 17597 
 17598 
 17599 
 17600 
 17601 
 17602 
 17603 
 17604 
 17605 
 17606 
 17607 
 17608 
 17609 
 17610 
 17611 
 17612 
 17613 
 17614 
 17615 
 17616 
 17617 
 17618 
 17619 
 17620 
 17621 
 17622 
 17623 
 17624 
 17625 
 17626 
 17627 
 17628 
 17629 
 17630 
 17631 
 17632 
 17633 
 17634 
 17635 
 17636 
 17637 
 17638 
 17639 
 17640 
 17641 
 17642 
 17643 
 17644 
 17645 
 17646 
 17647 
 17648 
 17649 
 17650 
 17651 
 17652 
 17653 
 17654 
 17655 
 17656 
 17657 
 17658 
 17659 
 17660 
 17661 
 17662 
 17663 
 17664 
 17665 
 17666 
 17667 
 17668 
 17669 
 17670 
 17671 
 17672 
 17673 
 17674 
 17675 
 17676 
 17677 
 17678 
 17679 
 17680 
 17681 
 17682 
 17683 
 17684 
 17685 
 17686 
 17687 
 17688 
 17689 
 17690 
 17691 
 17692 
 17693 
 17694 
 17695 
 17696 
 17697 
 17698 
 17699 
 17700 
 17701 
 17702 
 17703 
 17704 
 17705 
 17706 
 17707 
 17708 
 17709 
 17710 
 17711 
 17712 
 17713 
 17714 
 17715 
 17716 
 17717 
 17718 
 17719 
 17720 
 17721 
 17722 
 17723 
 17724 
 17725 
 17726 
 17727 
 17728 
 17729 
 17730 
 17731 
 17732 
 17733 
 17734 
 17735 
 17736 
 17737 
 17738 
 17739 
 17740 
 17741 
 17742 
 17743 
 17744 
 17745 
 17746 
 17747 
 17748 
 17749 
 17750 
 17751 
 17752 
 17753 
 17754 
 17755 
 17756 
 17757 
 17758 
 17759 
 17760 
 17761 
 17762 
 17763 
 17764 
 17765 
 17766 
 17767 
 17768 
 17769 
 17770 
 17771 
 17772 
 17773 
 17774 
 17775 
 17776 
 17777 
 17778 
 17779 
 17780 
 17781 
 17782 
 17783 
 17784 
 17785 
 17786 
 17787 
 17788 
 17789 
 17790 
 17791 
 17792 
 17793 
 17794 
 17795 
 17796 
 17797 
 17798 
 17799 
 17800 
 17801 
 17802 
 17803 
 17804 
 17805 
 17806 
 17807 
 17808 
 17809 
 17810 
 17811 
 17812 
 17813 
 17814 
 17815 
 17816 
 17817 
 17818 
 17819 
 17820 
 17821 
 17822 
 17823 
 17824 
 17825 
 17826 
 17827 
 17828 
 17829 
 17830 
 17831 
 17832 
 17833 
 17834 
 17835 
 17836 
 17837 
 17838 
 17839 
 17840 
 17841 
 17842 
 17843 
 17844 
 17845 
 17846 
 17847 
 17848 
 17849 
 17850 
 17851 
 17852 
 17853 
 17854 
 17855 
 17856 
 17857 
 17858 
 17859 
 17860 
 17861 
 17862 
 17863 
 17864 
 17865 
 17866 
 17867 
 17868 
 17869 
 17870 
 17871 
 17872 
 17873 
 17874 
 17875 
 17876 
 17877 
 17878 
 17879 
 17880 
 17881 
 17882 
 17883 
 17884 
 17885 
 17886 
 17887 
 17888 
 17889 
 17890 
 17891 
 17892 
 17893 
 17894 
 17895 
 17896 
 17897 
 17898 
 17899 
 17900 
 17901 
 17902 
 17903 
 17904 
 17905 
 17906 
 17907 
 17908 
 17909 
 17910 
 17911 
 17912 
 17913 
 17914 
 17915 
 17916 
 17917 
 17918 
 17919 
 17920 
 17921 
 17922 
 17923 
 17924 
 17925 
 17926 
 17927 
 17928 
 17929 
 17930 
 17931 
 17932 
 17933 
 17934 
 17935 
 17936 
 17937 
 17938 
 17939 
 17940 
 17941 
 17942 
 17943 
 17944 
 17945 
 17946 
 17947 
 17948 
 17949 
 17950 
 17951 
 17952 
 17953 
 17954 
 17955 
 17956 
 17957 
 17958 
 17959 
 17960 
 17961 
 17962 
 17963 
 17964 
 17965 
 17966 
 17967 
 17968 
 17969 
 17970 
 17971 
 17972 
 17973 
 17974 
 17975 
 17976 
 17977 
 17978 
 17979 
 17980 
 17981 
 17982 
 17983 
 17984 
 17985 
 17986 
 17987 
 17988 
 17989 
 17990 
 17991 
 17992 
 17993 
 17994 
 17995 
 17996 
 17997 
 17998 
 17999 
 18000 
 18001 
 18002 
 18003 
 18004 
 18005 
 18006 
 18007 
 18008 
 18009 
 18010 
 18011 
 18012 
 18013 
 18014 
 18015 
 18016 
 18017 
 18018 
 18019 
 18020 
 18021 
 18022 
 18023 
 18024 
 18025 
 18026 
 18027 
 18028 
 18029 
 18030 
 18031 
 18032 
 18033 
 18034 
 18035 
 18036 
 18037 
 18038 
 18039 
 18040 
 18041 
 18042 
 18043 
 18044 
 18045 
 18046 
 18047 
 18048 
 18049 
 18050 
 18051 
 18052 
 18053 
 18054 
 18055 
 18056 
 18057 
 18058 
 18059 
 18060 
 18061 
 18062 
 18063 
 18064 
 18065 
 18066 
 18067 
 18068 
 18069 
 18070 
 18071 
 18072 
 18073 
 18074 
 18075 
 18076 
 18077 
 18078 
 18079 
 18080 
 18081 
 18082 
 18083 
 18084 
 18085 
 18086 
 18087 
 18088 
 18089 
 18090 
 18091 
 18092 
 18093 
 18094 
 18095 
 18096 
 18097 
 18098 
 18099 
 18100 
 18101 
 18102 
 18103 
 18104 
 18105 
 18106 
 18107 
 18108 
 18109 
 18110 
 18111 
 18112 
 18113 
 18114 
 18115 
 18116 
 18117 
 18118 
 18119 
 18120 
 18121 
 18122 
 18123 
 18124 
 18125 
 18126 
 18127 
 18128 
 18129 
 18130 
 18131 
 18132 
 18133 
 18134 
 18135 
 18136 
 18137 
 18138 
 18139 
 18140 
 18141 
 18142 
 18143 
 18144 
 18145 
 18146 
 18147 
 18148 
 18149 
 18150 
 18151 
 18152 
 18153 
 18154 
 18155 
 18156 
 18157 
 18158 
 18159 
 18160 
 18161 
 18162 
 18163 
 18164 
 18165 
 18166 
 18167 
 18168 
 18169 
 18170 
 18171 
 18172 
 18173 
 18174 
 18175 
 18176 
 18177 
 18178 
 18179 
 18180 
 18181 
 18182 
 18183 
 18184 
 18185 
 18186 
 18187 
 18188 
 18189 
 18190 
 18191 
 18192 
 18193 
 18194 
 18195 
 18196 
 18197 
 18198 
 18199 
 18200 
 18201 
 18202 
 18203 
 18204 
 18205 
 18206 
 18207 
 18208 
 18209 
 18210 
 18211 
 18212 
 18213 
 18214 
 18215 
 18216 
 18217 
 18218 
 18219 
 18220 
 18221 
 18222 
 18223 
 18224 
 18225 
 18226 
 18227 
 18228 
 18229 
 18230 
 18231 
 18232 
 18233 
 18234 
 18235 
 18236 
 18237 
 18238 
 18239 
 18240 
 18241 
 18242 
 18243 
 18244 
 18245 
 18246 
 18247 
 18248 
 18249 
 18250 
 18251 
 18252 
 18253 
 18254 
 18255 
 18256 
 18257 
 18258 
 18259 
 18260 
 18261 
 18262 
 18263 
 18264 
 18265 
 18266 
 18267 
 18268 
 18269 
 18270 
 18271 
 18272 
 18273 
 18274 
 18275 
 18276 
 18277 
 18278 
 18279 
 18280 
 18281 
 18282 
 18283 
 18284 
 18285 
 18286 
 18287 
 18288 
 18289 
 18290 
 18291 
 18292 
 18293 
 18294 
 18295 
 18296 
 18297 
 18298 
 18299 
 18300 
 18301 
 18302 
 18303 
 18304 
 18305 
 18306 
 18307 
 18308 
 18309 
 18310 
 18311 
 18312 
 18313 
 18314 
 18315 
 18316 
 18317 
 18318 
 18319 
 18320 
 18321 
 18322 
 18323 
 18324 
 18325 
 18326 
 18327 
 18328 
 18329 
 18330 
 18331 
 18332 
 18333 
 18334 
 18335 
 18336 
 18337 
 18338 
 18339 
 18340 
 18341 
 18342 
 18343 
 18344 
 18345 
 18346 
 18347 
 18348 
 18349 
 18350 
 18351 
 18352 
 18353 
 18354 
 18355 
 18356 
 18357 
 18358 
 18359 
 18360 
 18361 
 18362 
 18363 
 18364 
 18365 
 18366 
 18367 
 18368 
 18369 
 18370 
 18371 
 18372 
 18373 
 18374 
 18375 
 18376 
 18377 
 18378 
 18379 
 18380 
 18381 
 18382 
 18383 
 18384 
 18385 
 18386 
 18387 
 18388 
 18389 
 18390 
 18391 
 18392 
 18393 
 18394 
 18395 
 18396 
 18397 
 18398 
 18399 
 18400 
 18401 
 18402 
 18403 
 18404 
 18405 
 18406 
 18407 
 18408 
 18409 
 18410 
 18411 
 18412 
 18413 
 18414 
 18415 
 18416 
 18417 
 18418 
 18419 
 18420 
 18421 
 18422 
 18423 
 18424 
 18425 
 18426 
 18427 
 18428 
 18429 
 18430 
 18431 
 18432 
 18433 
 18434 
 18435 
 18436 
 18437 
 18438 
 18439 
 18440 
 18441 
 18442 
 18443 
 18444 
 18445 
 18446 
 18447 
 18448 
 18449 
 18450 
 18451 
 18452 
 18453 
 18454 
 18455 
 18456 
 18457 
 18458 
 18459 
 18460 
 18461 
 18462 
 18463 
 18464 
 18465 
 18466 
 18467 
 18468 
 18469 
 18470 
 18471 
 18472 
 18473 
 18474 
 18475 
 18476 
 18477 
 18478 
 18479 
 18480 
 18481 
 18482 
 18483 
 18484 
 18485 
 18486 
 18487 
 18488 
 18489 
 18490 
 18491 
 18492 
 18493 
 18494 
 18495 
 18496 
 18497 
 18498 
 18499 
 18500 
 18501 
 18502 
 18503 
 18504 
 18505 
 18506 
 18507 
 18508 
 18509 
 18510 
 18511 
 18512 
 18513 
 18514 
 18515 
 18516 
 18517 
 18518 
 18519 
 18520 
 18521 
 18522 
 18523 
 18524 
 18525 
 18526 
 18527 
 18528 
 18529 
 18530 
 18531 
 18532 
 18533 
 18534 
 18535 
 18536 
 18537 
 18538 
 18539 
 18540 
 18541 
 18542 
 18543 
 18544 
 18545 
 18546 
 18547 
 18548 
 18549 
 18550 
 18551 
 18552 
 18553 
 18554 
 18555 
 18556 
 18557 
 18558 
 18559 
 18560 
 18561 
 18562 
 18563 
 18564 
 18565 
 18566 
 18567 
 18568 
 18569 
 18570 
 18571 
 18572 
 18573 
 18574 
 18575 
 18576 
 18577 
 18578 
 18579 
 18580 
 18581 
 18582 
 18583 
 18584 
 18585 
 18586 
 18587 
 18588 
 18589 
 18590 
 18591 
 18592 
 18593 
 18594 
 18595 
 18596 
 18597 
 18598 
 18599 
 18600 
 18601 
 18602 
 18603 
 18604 
 18605 
 18606 
 18607 
 18608 
 18609 
 18610 
 18611 
 18612 
 18613 
 18614 
 18615 
 18616 
 18617 
 18618 
 18619 
 18620 
 18621 
 18622 
 18623 
 18624 
 18625 
 18626 
 18627 
 18628 
 18629 
 18630 
 18631 
 18632 
 18633 
 18634 
 18635 
 18636 
 18637 
 18638 
 18639 
 18640 
 18641 
 18642 
 18643 
 18644 
 18645 
 18646 
 18647 
 18648 
 18649 
 18650 
 18651 
 18652 
 18653 
 18654 
 18655 
 18656 
 18657 
 18658 
 18659 
 18660 
 18661 
 18662 
 18663 
 18664 
 18665 
 18666 
 18667 
 18668 
 18669 
 18670 
 18671 
 18672 
 18673 
 18674 
 18675 
 18676 
 18677 
 18678 
 18679 
 18680 
 18681 
 18682 
 18683 
 18684 
 18685 
 18686 
 18687 
 18688 
 18689 
 18690 
 18691 
 18692 
 18693 
 18694 
 18695 
 18696 
 18697 
 18698 
 18699 
 18700 
 18701 
 18702 
 18703 
 18704 
 18705 
 18706 
 18707 
 18708 
 18709 
 18710 
 18711 
 18712 
 18713 
 18714 
 18715 
 18716 
 18717 
 18718 
 18719 
 18720 
 18721 
 18722 
 18723 
 18724 
 18725 
 18726 
 18727 
 18728 
 18729 
 18730 
 18731 
 18732 
 18733 
 18734 
 18735 
 18736 
 18737 
 18738 
 18739 
 18740 
 18741 
 18742 
 18743 
 18744 
 18745 
 18746 
 18747 
 18748 
 18749 
 18750 
 18751 
 18752 
 18753 
 18754 
 18755 
 18756 
 18757 
 18758 
 18759 
 18760 
 18761 
 18762 
 18763 
 18764 
 18765 
 18766 
 18767 
 18768 
 18769 
 18770 
 18771 
 18772 
 18773 
 18774 
 18775 
 18776 
 18777 
 18778 
 18779 
 18780 
 18781 
 18782 
 18783 
 18784 
 18785 
 18786 
 18787 
 18788 
 18789 
 18790 
 18791 
 18792 
 18793 
 18794 
 18795 
 18796 
 18797 
 18798 
 18799 
 18800 
 18801 
 18802 
 18803 
 18804 
 18805 
 18806 
 18807 
 18808 
 18809 
 18810 
 18811 
 18812 
 18813 
 18814 
 18815 
 18816 
 18817 
 18818 
 18819 
 18820 
 18821 
 18822 
 18823 
 18824 
 18825 
 18826 
 18827 
 18828 
 18829 
 18830 
 18831 
 18832 
 18833 
 18834 
 18835 
 18836 
 18837 
 18838 
 18839 
 18840 
 18841 
 18842 
 18843 
 18844 
 18845 
 18846 
 18847 
 18848 
 18849 
 18850 
 18851 
 18852 
 18853 
 18854 
 18855 
 18856 
 18857 
 18858 
 18859 
 18860 
 18861 
 18862 
 18863 
 18864 
 18865 
 18866 
 18867 
 18868 
 18869 
 18870 
 18871 
 18872 
 18873 
 18874 
 18875 
 18876 
 18877 
 18878 
 18879 
 18880 
 18881 
 18882 
 18883 
 18884 
 18885 
 18886 
 18887 
 18888 
 18889 
 18890 
 18891 
 18892 
 18893 
 18894 
 18895 
 18896 
 18897 
 18898 
 18899 
 18900 
 18901 
 18902 
 18903 
 18904 
 18905 
 18906 
 18907 
 18908 
 18909 
 18910 
 18911 
 18912 
 18913 
 18914 
 18915 
 18916 
 18917 
 18918 
 18919 
 18920 
 18921 
 18922 
 18923 
 18924 
 18925 
 18926 
 18927 
 18928 
 18929 
 18930 
 18931 
 18932 
 18933 
 18934 
 18935 
 18936 
 18937 
 18938 
 18939 
 18940 
 18941 
 18942 
 18943 
 18944 
 18945 
 18946 
 18947 
 18948 
 18949 
 18950 
 18951 
 18952 
 18953 
 18954 
 18955 
 18956 
 18957 
 18958 
 18959 
 18960 
 18961 
 18962 
 18963 
 18964 
 18965 
 18966 
 18967 
 18968 
 18969 
 18970 
 18971 
 18972 
 18973 
 18974 
 18975 
 18976 
 18977 
 18978 
 18979 
 18980 
 18981 
 18982 
 18983 
 18984 
 18985 
 18986 
 18987 
 18988 
 18989 
 18990 
 18991 
 18992 
 18993 
 18994 
 18995 
 18996 
 18997 
 18998 
 18999 
 19000 
 19001 
 19002 
 19003 
 19004 
 19005 
 19006 
 19007 
 19008 
 19009 
 19010 
 19011 
 19012 
 19013 
 19014 
 19015 
 19016 
 19017 
 19018 
 19019 
 19020 
 19021 
 19022 
 19023 
 19024 
 19025 
 19026 
 19027 
 19028 
 19029 
 19030 
 19031 
 19032 
 19033 
 19034 
 19035 
 19036 
 19037 
 19038 
 19039 
 19040 
 19041 
 19042 
 19043 
 19044 
 19045 
 19046 
 19047 
 19048 
 19049 
 19050 
 19051 
 19052 
 19053 
 19054 
 19055 
 19056 
 19057 
 19058 
 19059 
 19060 
 19061 
 19062 
 19063 
 19064 
 19065 
 19066 
 19067 
 19068 
 19069 
 19070 
 19071 
 19072 
 19073 
 19074 
 19075 
 19076 
 19077 
 19078 
 19079 
 19080 
 19081 
 19082 
 19083 
 19084 
 19085 
 19086 
 19087 
 19088 
 19089 
 19090 
 19091 
 19092 
 19093 
 19094 
 19095 
 19096 
 19097 
 19098 
 19099 
 19100 
 19101 
 19102 
 19103 
 19104 
 19105 
 19106 
 19107 
 19108 
 19109 
 19110 
 19111 
 19112 
 19113 
 19114 
 19115 
 19116 
 19117 
 19118 
 19119 
 19120 
 19121 
 19122 
 19123 
 19124 
 19125 
 19126 
 19127 
 19128 
 19129 
 19130 
 19131 
 19132 
 19133 
 19134 
 19135 
 19136 
 19137 
 19138 
 19139 
 19140 
 19141 
 19142 
 19143 
 19144 
 19145 
 19146 
 19147 
 19148 
 19149 
 19150 
 19151 
 19152 
 19153 
 19154 
 19155 
 19156 
 19157 
 19158 
 19159 
 19160 
 19161 
 19162 
 19163 
 19164 
 19165 
 19166 
 19167 
 19168 
 19169 
 19170 
 19171 
 19172 
 19173 
 19174 
 19175 
 19176 
 19177 
 19178 
 19179 
 19180 
 19181 
 19182 
 19183 
 19184 
 19185 
 19186 
 19187 
 19188 
 19189 
 19190 
 19191 
 19192 
 19193 
 19194 
 19195 
 19196 
 19197 
 19198 
 19199 
 19200 
 19201 
 19202 
 19203 
 19204 
 19205 
 19206 
 19207 
 19208 
 19209 
 19210 
 19211 
 19212 
 19213 
 19214 
 19215 
 19216 
 19217 
 19218 
 19219 
 19220 
 19221 
 19222 
 19223 
 19224 
 19225 
 19226 
 19227 
 19228 
 19229 
 19230 
 19231 
 19232 
 19233 
 19234 
 19235 
 19236 
 19237 
 19238 
 19239 
 19240 
 19241 
 19242 
 19243 
 19244 
 19245 
 19246 
 19247 
 19248 
 19249 
 19250 
 19251 
 19252 
 19253 
 19254 
 19255 
 19256 
 19257 
 19258 
 19259 
 19260 
 19261 
 19262 
 19263 
 19264 
 19265 
 19266 
 19267 
 19268 
 19269 
 19270 
 19271 
 19272 
 19273 
 19274 
 19275 
 19276 
 19277 
 19278 
 19279 
 19280 
 19281 
 19282 
 19283 
 19284 
 19285 
 19286 
 19287 
 19288 
 19289 
 19290 
 19291 
 19292 
 19293 
 19294 
 19295 
 19296 
 19297 
 19298 
 19299 
 19300 
 19301 
 19302 
 19303 
 19304 
 19305 
 19306 
 19307 
 19308 
 19309 
 19310 
 19311 
 19312 
 19313 
 19314 
 19315 
 19316 
 19317 
 19318 
 19319 
 19320 
 19321 
 19322 
 19323 
 19324 
 19325 
 19326 
 19327 
 19328 
 19329 
 19330 
 19331 
 19332 
 19333 
 19334 
 19335 
 19336 
 19337 
 19338 
 19339 
 19340 
 19341 
 19342 
 19343 
 19344 
 19345 
 19346 
 19347 
 19348 
 19349 
 19350 
 19351 
 19352 
 19353 
 19354 
 19355 
 19356 
 19357 
 19358 
 19359 
 19360 
 19361 
 19362 
 19363 
 19364 
 19365 
 19366 
 19367 
 19368 
 19369 
 19370 
 19371 
 19372 
 19373 
 19374 
 19375 
 19376 
 19377 
 19378 
 19379 
 19380 
 19381 
 19382 
 19383 
 19384 
 19385 
 19386 
 19387 
 19388 
 19389 
 19390 
 19391 
 19392 
 19393 
 19394 
 19395 
 19396 
 19397 
 19398 
 19399 
 19400 
 19401 
 19402 
 19403 
 19404 
 19405 
 19406 
 19407 
 19408 
 19409 
 19410 
 19411 
 19412 
 19413 
 19414 
 19415 
 19416 
 19417 
 19418 
 19419 
 19420 
 19421 
 19422 
 19423 
 19424 
 19425 
 19426 
 19427 
 19428 
 19429 
 19430 
 19431 
 19432 
 19433 
 19434 
 19435 
 19436 
 19437 
 19438 
 19439 
 19440 
 19441 
 19442 
 19443 
 19444 
 19445 
 19446 
 19447 
 19448 
 19449 
 19450 
 19451 
 19452 
 19453 
 19454 
 19455 
 19456 
 19457 
 19458 
 19459 
 19460 
 19461 
 19462 
 19463 
 19464 
 19465 
 19466 
 19467 
 19468 
 19469 
 19470 
 19471 
 19472 
 19473 
 19474 
 19475 
 19476 
 19477 
 19478 
 19479 
 19480 
 19481 
 19482 
 19483 
 19484 
 19485 
 19486 
 19487 
 19488 
 19489 
 19490 
 19491 
 19492 
 19493 
 19494 
 19495 
 19496 
 19497 
 19498 
 19499 
 19500 
 19501 
 19502 
 19503 
 19504 
 19505 
 19506 
 19507 
 19508 
 19509 
 19510 
 19511 
 19512 
 19513 
 19514 
 19515 
 19516 
 19517 
 19518 
 19519 
 19520 
 19521 
 19522 
 19523 
 19524 
 19525 
 19526 
 19527 
 19528 
 19529 
 19530 
 19531 
 19532 
 19533 
 19534 
 19535 
 19536 
 19537 
 19538 
 19539 
 19540 
 19541 
 19542 
 19543 
 19544 
 19545 
 19546 
 19547 
 19548 
 19549 
 19550 
 19551 
 19552 
 19553 
 19554 
 19555 
 19556 
 19557 
 19558 
 19559 
 19560 
 19561 
 19562 
 19563 
 19564 
 19565 
 19566 
 19567 
 19568 
 19569 
 19570 
 19571 
 19572 
 19573 
 19574 
 19575 
 19576 
 19577 
 19578 
 19579 
 19580 
 19581 
 19582 
 19583 
 19584 
 19585 
 19586 
 19587 
 19588 
 19589 
 19590 
 19591 
 19592 
 19593 
 19594 
 19595 
 19596 
 19597 
 19598 
 19599 
 19600 
 19601 
 19602 
 19603 
 19604 
 19605 
 19606 
 19607 
 19608 
 19609 
 19611 
 19612 
 19613 
 19614 
 19615 
 19616 
 19617 
 19618 
 19619 
 19620 
 19621 
 19622 
 19623 
 19624 
 19625 
 19626 
 19627 
 19628 
 19629 
 19630 
 19631 
 19632 
 19633 
 19634 
 19635 
 19636 
 19637 
 19638 
 19639 
 19640 
 19641 
 19642 
 19643 
 19644 
 19645 
 19646 
 19647 
 19648 
 19649 
 19650 
 19651 
 19652 
 19653 
 19654 
 19655 
 19656 
 19657 
 19658 
 19659 
 19660 
 19661 
 19662 
 19663 
 19664 
 19665 
 19666 
 19667 
 19668 
 19669 
 19670 
 19671 
 19672 
 19673 
 19674 
 19675 
 19676 
 19677 
 19678 
 19679 
 19680 
 19681 
 19682 
 19683 
 19684 
 19685 
 19686 
 19687 
 19688 
 19689 
 19690 
 19691 
 19692 
 19693 
 19694 
 19695 
 19696 
 19697 
 19698 
 19699 
 19700 
 19701 
 19702 
 19703 
 19704 
 19705 
 19706 
 19707 
 19708 
 19709 
 19710 
 19711 
 19712 
 19713 
 19714 
 19715 
 19716 
 19717 
 19718 
 19719 
 19720 
 19721 
 19722 
 19723 
 19724 
 19725 
 19726 
 19727 
 19728 
 19729 
 19730 
 19731 
 19732 
 19733 
 19734 
 19735 
 19736 
 19737 
 19738 
 19739 
 19740 
 19741 
 19742 
 19743 
 19744 
 19745 
 19746 
 19747 
 19748 
 19749 
 19750 
 19751 
 19752 
 19753 
 19754 
 19755 
 19756 
 19757 
 19758 
 19759 
 19760 
 19761 
 19762 
 19763 
 19764 
 19765 
 19766 
 19767 
 19768 
 19769 
 19770 
 19771 
 19772 
 19773 
 19774 
 19775 
 19776 
 19777 
 19778 
 19779 
 19780 
 19781 
 19782 
 19783 
 19784 
 19785 
 19786 
 19787 
 19788 
 19789 
 19790 
 19791 
 19792 
 19793 
 19794 
 19795 
 19796 
 19797 
 19798 
 19799 
 19800 
 19801 
 19802 
 19803 
 19804 
 19805 
 19806 
 19807 
 19808 
 19809 
 19810 
 19811 
 19812 
 19813 
 19814 
 19815 
 19816 
 19817 
 19818 
 19819 
 19820 
 19821 
 19822 
 19823 
 19824 
 19825 
 19826 
 19827 
 19828 
 19829 
 19830 
 19831 
 19832 
 19833 
 19834 
 19835 
 19836 
 19837 
 19838 
 19839 
 19840 
 19841 
 19842 
 19843 
 19844 
 19845 
 19846 
 19847 
 19848 
 19849 
 19850 
 19851 
 19852 
 19853 
 19854 
 19855 
 19856 
 19857 
 19858 
 19859 
 19860 
 19861 
 19862 
 19863 
 19864 
 19865 
 19866 
 19867 
 19868 
 19869 
 19870 
 19871 
 19872 
 19873 
 19874 
 19875 
 19876 
 19877 
 19878 
 19879 
 19880 
 19881 
 19882 
 19883 
 19884 
 19885 
 19886 
 19887 
 19888 
 19889 
 19890 
 19891 
 19892 
 19893 
 19894 
 19895 
 19896 
 19897 
 19898 
 19899 
 19900 
 19901 
 19902 
 19903 
 19904 
 19905 
 19906 
 19907 
 19908 
 19909 
 19910 
 19911 
 19912 
 19913 
 19914 
 19915 
 19916 
 19917 
 19918 
 19919 
 19920 
 19921 
 19922 
 19923 
 19924 
 19925 
 19926 
 19927 
 19928 
 19929 
 19930 
 19931 
 19932 
 19933 
 19934 
 19935 
 19936 
 19937 
 19938 
 19939 
 19940 
 19941 
 19942 
 19943 
 19944 
 19945 
 19946 
 19947 
 19948 
 19949 
 19950 
 19951 
 19952 
 19953 
 19954 
 19955 
 19956 
 19957 
 19958 
 19959 
 19960 
 19961 
 19962 
 19963 
 19964 
 19965 
 19966 
 19967 
 19968 
 19969 
 19970 
 19971 
 19972 
 19973 
 19974 
 19975 
 19976 
 19977 
 19978 
 19979 
 19980 
 19981 
 19982 
 19983 
 19984 
 19985 
 19986 
 19987 
 19988 
 19989 
 19990 
 19991 
 19992 
 19993 
 19994 
 19995 
 19996 
 19997 
 19998 
 19999 
 20000 
 20001 
 20002 
 20003 
 20004 
 20005 
 20006 
 20007 
 20008 
 20009 
 20010 
 20011 
 20012 
 20013 
 20014 
 20015 
 20016 
 20017 
 20018 
 20019 
 20020 
 20021 
 20022 
 20023 
 20024 
 20025 
 20026 
 20027 
 20028 
 20029 
 20030 
 20031 
 20032 
 20033 
 20034 
 20035 
 20036 
 20037 
 20038 
 20039 
 20040 
 20041 
 20042 
 20043 
 20044 
 20045 
 20046 
 20047 
 20048 
 20049 
 20050 
 20051 
 20052 
 20053 
 20054 
 20055 
 20056 
 20057 
 20058 
 20059 
 20060 
 20061 
 20062 
 20063 
 20064 
 20065 
 20066 
 20067 
 20068 
 20069 
 20070 
 20071 
 20072 
 20073 
 20074 
 20075 
 20076 
 20077 
 20078 
 20079 
 20080 
 20081 
 20082 
 20083 
 20084 
 20085 
 20086 
 20087 
 20088 
 20089 
 20090 
 20091 
 20092 
 20093 
 20094 
 20095 
 20096 
 20097 
 20098 
 20099 
 20100 
 20101 
 20102 
 20103 
 20104 
 20105 
 20106 
 20107 
 20108 
 20109 
 20110 
 20111 
 20112 
 20113 
 20114 
 20115 
 20116 
 20117 
 20118 
 20119 
 20120 
 20121 
 20122 
 20123 
 20124 
 20125 
 20126 
 20127 
 20128 
 20129 
 20130 
 20131 
 20132 
 20133 
 20134 
 20135 
 20136 
 20137 
 20138 
 20139 
 20140 
 20141 
 20142 
 20143 
 20144 
 20145 
 20146 
 20147 
 20148 
 20149 
 20150 
 20151 
 20152 
 20153 
 20154 
 20155 
 20156 
 20157 
 20158 
 20159 
 20160 
 20161 
 20162 
 20163 
 20164 
 20165 
 20166 
 20167 
 20168 
 20169 
 20170 
 20171 
 20172 
 20173 
 20174 
 20175 
 20176 
 20177 
 20178 
 20179 
 20180 
 20181 
 20182 
 20183 
 20184 
 20185 
 20186 
 20187 
 20188 
 20189 
 20190 
 20191 
 20192 
 20193 
 20194 
 20195 
 20196 
 20197 
 20198 
 20199 
 20200 
 20201 
 20202 
 20203 
 20204 
 20205 
 20206 
 20207 
 20208 
 20209 
 20210 
 20211 
 20212 
 20213 
 20214 
 20215 
 20216 
 20217 
 20218 
 20219 
 20220 
 20221 
 20222 
 20223 
 20224 
 20225 
 20226 
 20227 
 20228 
 20229 
 20230 
 20231 
 20232 
 20233 
 20234 
 20235 
 20236 
 20237 
 20238 
 20239 
 20240 
 20241 
 20242 
 20243 
 20244 
 20245 
 20246 
 20247 
 20248 
 20249 
 20250 
 20251 
 20252 
 20253 
 20254 
 20255 
 20256 
 20257 
 20258 
 20259 
 20260 
 20261 
 20262 
 20263 
 20264 
 20265 
 20266 
 20267 
 20268 
 20269 
 20270 
 20271 
 20272 
 20273 
 20274 
 20275 
 20276 
 20277 
 20278 
 20279 
 20280 
 20281 
 20282 
 20283 
 20284 
 20285 
 20286 
 20287 
 20288 
 20289 
 20290 
 20291 
 20292 
 20293 
 20294 
 20295 
 20296 
 20297 
 20298 
 20299 
 20300 
 20301 
 20302 
 20303 
 20304 
 20305 
 20306 
 20307 
 20308 
 20309 
 20310 
 20311 
 20312 
 20313 
 20314 
 20315 
 20316 
 20317 
 20318 
 20319 
 20320 
 20321 
 20322 
 20323 
 20324 
 20325 
 20326 
 20327 
 20328 
 20329 
 20330 
 20331 
 20332 
 20333 
 20334 
 20335 
 20336 
 20337 
 20338 
 20339 
 20340 
 20341 
 20342 
 20343 
 20344 
 20345 
 20346 
 20347 
 20348 
 20349 
 20350 
 20351 
 20352 
 20353 
 20354 
 20355 
 20356 
 20357 
 20358 
 20359 
 20360 
 20361 
 20362 
 20363 
 20364 
 20365 
 20366 
 20367 
 20368 
 20369 
 20370 
 20371 
 20372 
 20373 
 20374 
 20375 
 20376 
 20377 
 20378 
 20379 
 20380 
 20381 
 20382 
 20383 
 20384 
 20385 
 20386 
 20387 
 20388 
 20389 
 20390 
 20391 
 20392 
 20393 
 20394 
 20395 
 20396 
 20397 
 20398 
 20399 
 20400 
 20401 
 20402 
 20403 
 20404 
 20405 
 20406 
 20407 
 20408 
 20409 
 20410 
 20411 
 20412 
 20413 
 20414 
 20415 
 20416 
 20417 
 20418 
 20419 
 20420 
 20421 
 20422 
 20423 
 20424 
 20425 
 20426 
 20427 
 20428 
 20429 
 20430 
 20431 
 20432 
 20433 
 20434 
 20435 
 20436 
 20437 
 20438 
 20439 
 20440 
 20441 
 20442 
 20443 
 20444 
 20445 
 20446 
 20447 
 20448 
 20449 
 20450 
 20451 
 20452 
 20453 
 20454 
 20455 
 20456 
 20457 
 20458 
 20459 
 20460 
 20461 
 20462 
 20463 
 20464 
 20465 
 20466 
 20467 
 20468 
 20469 
 20470 
 20471 
 20472 
 20473 
 20474 
 20475 
 20476 
 20477 
 20478 
 20479 
 20480 
 20481 
 20482 
 20483 
 20484 
 20485 
 20486 
 20487 
 20488 
 20489 
 20490 
 20491 
 20492 
 20493 
 20494 
 20495 
 20496 
 20497 
 20498 
 20499 
 20500 
 20501 
 20502 
 20503 
 20504 
 20505 
 20506 
 20507 
 20508 
 20509 
 20510 
 20511 
 20512 
 20513 
 20514 
 20515 
 20516 
 20517 
 20518 
 20519 
 20520 
 20521 
 20522 
 20523 
 20524 
 20525 
 20526 
 20527 
 20528 
 20529 
 20530 
 20531 
 20532 
 20533 
 20534 
 20535 
 20536 
 20537 
 20538 
 20539 
 20540 
 20541 
 20542 
 20543 
 20544 
 20545 
 20546 
 20547 
 20548 
 20549 
 20550 
 20551 
 20552 
 20553 
 20554 
 20555 
 20556 
 20557 
 20558 
 20559 
 20560 
 20561 
 20562 
 20563 
 20564 
 20565 
 20566 
 20567 
 20568 
 20569 
 20570 
 20571 
 20572 
 20573 
 20574 
 20575 
 20576 
 20577 
 20578 
 20579 
 20580 
 20581 
 20582 
 20583 
 20584 
 20585 
 20586 
 20587 
 20588 
 20589 
 20590 
 20591 
 20592 
 20593 
 20594 
 20595 
 20596 
 20597 
 20598 
 20599 
 20600 
 20601 
 20602 
 20603 
 20604 
 20605 
 20606 
 20607 
 20608 
 20609 
 20610 
 20611 
 20612 
 20613 
 20614 
 20615 
 20616 
 20617 
 20618 
 20619 
 20620 
 20621 
 20622 
 20623 
 20624 
 20625 
 20626 
 20627 
 20628 
 20629 
 20630 
 20631 
 20632 
 20633 
 20634 
 20635 
 20636 
 20637 
 20638 
 20639 
 20640 
 20641 
 20642 
 20643 
 20644 
 20645 
 20646 
 20647 
 20648 
 20649 
 20650 
 20651 
 20652 
 20653 
 20654 
 20655 
 20656 
 20657 
 20658 
 20659 
 20660 
 20661 
 20662 
 20663 
 20664 
 20665 
 20666 
 20667 
 20668 
 20669 
 20670 
 20671 
 20672 
 20673 
 20674 
 20675 
 20676 
 20677 
 20678 
 20679 
 20680 
 20681 
 20682 
 20683 
 20684 
 20685 
 20686 
 20687 
 20688 
 20689 
 20690 
 20691 
 20692 
 20693 
 20694 
 20695 
 20696 
 20697 
 20698 
 20699 
 20700 
 20701 
 20702 
 20703 
 20704 
 20705 
 20706 
 20707 
 20708 
 20709 
 20710 
 20711 
 20712 
 20713 
 20714 
 20715 
 20716 
 20717 
 20718 
 20719 
 20720 
 20721 
 20722 
 20723 
 20724 
 20725 
 20726 
 20727 
 20728 
 20729 
 20730 
 20731 
 20732 
 20733 
 20734 
 20735 
 20736 
 20737 
 20738 
 20739 
 20740 
 20741 
 20742 
 20743 
 20744 
 20745 
 20746 
 20747 
 20748 
 20749 
 20750 
 20751 
 20752 
 20753 
 20754 
 20755 
 20756 
 20757 
 20758 
 20759 
 20760 
 20761 
 20762 
 20763 
 20764 
 20765 
 20766 
 20767 
 20768 
 20769 
 20770 
 20771 
 20772 
 20773 
 20774 
 20775 
 20776 
 20777 
 20778 
 20779 
 20780 
 20781 
 20782 
 20783 
 20784 
 20785 
 20786 
 20787 
 20788 
 20789 
 20790 
 20791 
 20792 
 20793 
 20794 
 20795 
 20796 
 20797 
 20798 
 20799 
 20800 
 20801 
 20802 
 20803 
 20804 
 20805 
 20806 
 20807 
 20808 
 20809 
 20810 
 20811 
 20812 
 20813 
 20814 
 20815 
 20816 
 20817 
 20818 
 20819 
 20820 
 20821 
 20822 
 20823 
 20824 
 20825 
 20826 
 20827 
 20828 
 20829 
 20830 
 20831 
 20832 
 20833 
 20834 
 20835 
 20836 
 20837 
 20838 
 20839 
 20840 
 20841 
 20842 
 20843 
 20844 
 20845 
 20846 
 20847 
 20848 
 20849 
 20850 
 20851 
 20852 
 20853 
 20854 
 20855 
 20856 
 20857 
 20858 
 20859 
 20860 
 20861 
 20862 
 20863 
 20864 
 20865 
 20866 
 20867 
 20868 
 20869 
 20870 
 20871 
 20872 
 20873 
 20874 
 20875 
 20876 
 20877 
 20878 
 20879 
 20880 
 20881 
 20882 
 20883 
 20884 
 20885 
 20886 
 20887 
 20888 
 20889 
 20890 
 20891 
 20892 
 20893 
 20894 
 20895 
 20896 
 20897 
 20898 
 20899 
 20900 
 20901 
 20902 
 20903 
 20904 
 20905 
 20906 
 20907 
 20908 
 20909 
 20910 
 20911 
 20912 
 20913 
 20914 
 20915 
 20916 
 20917 
 20918 
 20919 
 20920 
 20921 
 20922 
 20923 
 20924 
 20925 
 20926 
 20927 
 20928 
 20929 
 20930 
 20931 
 20932 
 20933 
 20934 
 20935 
 20936 
 20937 
 20938 
 20939 
 20940 
 20941 
 20942 
 20943 
 20944 
 20945 
 20946 
 20947 
 20948 
 20949 
 20950 
 20951 
 20952 
 20953 
 20954 
 20955 
 20956 
 20957 
 20958 
 20959 
 20960 
 20961 
 20962 
 20963 
 20964 
 20965 
 20966 
 20967 
 20968 
 20969 
 20970 
 20971 
 20972 
 20973 
 20974 
 20975 
 20976 
 20977 
 20978 
 20979 
 20980 
 20981 
 20982 
 20983 
 20984 
 20985 
 20986 
 20987 
 20988 
 20989 
 20990 
 20991 
 20992 
 20993 
 20994 
 20995 
 20996 
 20997 
 20998 
 20999 
 21000 
 21001 
 21002 
 21003 
 21004 
 21005 
 21006 
 21007 
 21008 
 21009 
 21010 
 21011 
 21012 
 21013 
 21014 
 21015 
 21016 
 21017 
 21018 
 21019 
 21020 
 21021 
 21022 
 21023 
 21024 
 21025 
 21026 
 21027 
 21028 
 21029 
 21030 
 21031 
 21032 
 21033 
 21034 
 21035 
 21036 
 21037 
 21038 
 21039 
 21040 
 21041 
 21042 
 21043 
 21044 
 21045 
 21046 
 21047 
 21048 
 21049 
 21050 
 21051 
 21052 
 21053 
 21054 
 21055 
 21056 
 21057 
 21058 
 21059 
 21060 
 21061 
 21062 
 21063 
 21064 
 21065 
 21066 
 21067 
 21068 
 21069 
 21070 
 21071 
 21072 
 21073 
 21074 
 21075 
 21076 
 21077 
 21078 
 21079 
 21080 
 21081 
 21082 
 21083 
 21084 
 21085 
 21086 
 21087 
 21088 
 21089 
 21090 
 21091 
 21092 
 21093 
 21094 
 21095 
 21096 
 21097 
 21098 
 21099 
 21100 
 21101 
 21102 
 21103 
 21104 
 21105 
 21106 
 21107 
 21108 
 21109 
 21110 
 21111 
 21112 
 21113 
 21114 
 21115 
 21116 
 21117 
 21118 
 21119 
 21120 
 21121 
 21122 
 21123 
 21124 
 21125 
 21126 
 21127 
 21128 
 21129 
 21130 
 21131 
 21132 
 21133 
 21134 
 21135 
 21136 
 21137 
 21138 
 21139 
 21140 
 21141 
 21142 
 21143 
 21144 
 21145 
 21146 
 21147 
 21148 
 21149 
 21150 
 21151 
 21152 
 21153 
 21154 
 21155 
 21156 
 21157 
 21158 
 21159 
 21160 
 21161 
 21162 
 21163 
 21164 
 21165 
 21166 
 21167 
 21168 
 21169 
 21170 
 21171 
 21172 
 21173 
 21174 
 21175 
 21176 
 21177 
 21178 
 21179 
 21180 
 21181 
 21182 
 21183 
 21184 
 21185 
 21186 
 21187 
 21188 
 21189 
 21190 
 21191 
 21192 
 21193 
 21194 
 21195 
 21196 
 21197 
 21198 
 21199 
 21200 
 21201 
 21202 
 21203 
 21204 
 21205 
 21206 
 21207 
 21208 
 21209 
 21210 
 21211 
 21212 
 21213 
 21214 
 21215 
 21216 
 21217 
 21218 
 21219 
 21220 
 21221 
 21222 
 21223 
 21224 
 21225 
 21226 
 21227 
 21228 
 21229 
 21230 
 21231 
 21232 
 21233 
 21234 
 21235 
 21236 
 21237 
 21238 
 21239 
 21240 
 21241 
 21242 
 21243 
 21244 
 21245 
 21246 
 21247 
 21248 
 21249 
 21250 
 21251 
 21252 
 21253 
 21254 
 21255 
 21256 
 21257 
 21258 
 21259 
 21260 
 21261 
 21262 
 21263 
 21264 
 21265 
 21266 
 21267 
 21268 
 21269 
 21270 
 21271 
 21272 
 21273 
 21274 
 21275 
 21276 
 21277 
 21278 
 21279 
 21280 
 21281 
 21282 
 21283 
 21284 
 21285 
 21286 
 21287 
 21288 
 21289 
 21290 
 21291 
 21292 
 21293 
 21294 
 21295 
 21296 
 21297 
 21298 
 21299 
 21300 
 21301 
 21302 
 21303 
 21304 
 21305 
 21306 
 21307 
 21308 
 21309 
 21310 
 21311 
 21312 
 21313 
 21314 
 21315 
 21316 
 21317 
 21318 
 21319 
 21320 
 21321 
 21322 
 21323 
 21324 
 21325 
 21326 
 21327 
 21328 
 21329 
 21330 
 21331 
 21332 
 21333 
 21334 
 21335 
 21336 
 21337 
 21338 
 21339 
 21340 
 21341 
 21342 
 21343 
 21344 
 21345 
 21346 
 21347 
 21348 
 21349 
 21350 
 21351 
 21352 
 21353 
 21354 
 21355 
 21356 
 21357 
 21358 
 21359 
 21360 
 21361 
 21362 
 21363 
 21364 
 21365 
 21366 
 21367 
 21368 
 21369 
 21370 
 21371 
 21372 
 21373 
 21374 
 21375 
 21376 
 21377 
 21378 
 21379 
 21380 
 21381 
 21382 
 21383 
 21384 
 21385 
 21386 
 21387 
 21388 
 21389 
 21390 
 21391 
 21392 
 21393 
 21394 
 21395 
 21396 
 21397 
 21398 
 21399 
 21400 
 21401 
 21402 
 21403 
 21404 
 21405 
 21406 
 21407 
 21408 
 21409 
 21410 
 21411 
 21412 
 21413 
 21414 
 21415 
 21416 
 21417 
 21418 
 21419 
 21420 
 21421 
 21422 
 21423 
 21424 
 21425 
 21426 
 21427 
 21428 
 21429 
 21430 
 21431 
 21432 
 21433 
 21434 
 21435 
 21436 
 21437 
 21438 
 21439 
 21440 
 21441 
 21442 
 21443 
 21444 
 21445 
 21446 
 21447 
 21448 
 21449 
 21450 
 21451 
 21452 
 21453 
 21454 
 21455 
 21456 
 21457 
 21458 
 21459 
 21460 
 21461 
 21462 
 21463 
 21464 
 21465 
 21466 
 21467 
 21468 
 21469 
 21470 
 21471 
 21472 
 21473 
 21474 
 21475 
 21476 
 21477 
 21478 
 21479 
 21480 
 21481 
 21482 
 21483 
 21484 
 21485 
 21486 
 21487 
 21488 
 21489 
 21490 
 21491 
 21492 
 21493 
 21494 
 21495 
 21496 
 21497 
 21498 
 21499 
 21500 
 21501 
 21502 
 21503 
 21504 
 21505 
 21506 
 21507 
 21508 
 21509 
 21510 
 21511 
 21512 
 21513 
 21514 
 21515 
 21516 
 21517 
 21518 
 21519 
 21520 
 21521 
 21522 
 21523 
 21524 
 21525 
 21526 
 21527 
 21528 
 21529 
 21530 
 21531 
 21532 
 21533 
 21534 
 21535 
 21536 
 21537 
 21538 
 21539 
 21540 
 21541 
 21542 
 21543 
 21544 
 21545 
 21546 
 21547 
 21548 
 21549 
 21550 
 21551 
 21552 
 21553 
 21554 
 21555 
 21556 
 21557 
 21558 
 21559 
 21560 
 21561 
 21562 
 21563 
 21564 
 21565 
 21566 
 21567 
 21568 
 21569 
 21570 
 21571 
 21572 
 21573 
 21574 
 21575 
 21576 
 21577 
 21578 
 21579 
 21580 
 21581 
 21582 
 21583 
 21584 
 21585 
 21586 
 21587 
 21588 
 21589 
 21590 
 21591 
 21592 
 21593 
 21594 
 21595 
 21596 
 21597 
 21598 
 21599 
 21600 
 21601 
 21602 
 21603 
 21604 
 21605 
 21606 
 21607 
 21608 
 21609 
 21610 
 21611 
 21612 
 21613 
 21614 
 21615 
 21616 
 21617 
 21618 
 21619 
 21620 
 21621 
 21622 
 21623 
 21624 
 21625 
 21626 
 21627 
 21628 
 21629 
 21630 
 21631 
 21632 
 21633 
 21634 
 21635 
 21636 
 21637 
 21638 
 21639 
 21640 
 21641 
 21642 
 21643 
 21644 
 21645 
 21646 
 21647 
 21648 
 21649 
 21650 
 21651 
 21652 
 21653 
 21654 
 21655 
 21656 
 21657 
 21658 
 21659 
 21660 
 21661 
 21662 
 21663 
 21664 
 21665 
 21666 
 21667 
 21668 
 21669 
 21670 
 21671 
 21672 
 21673 
 21674 
 21675 
 21676 
 21677 
 21678 
 21679 
 21680 
 21681 
 21682 
 21683 
 21684 
 21685 
 21686 
 21687 
 21688 
 21689 
 21690 
 21691 
 21692 
 21693 
 21694 
 21695 
 21696 
 21697 
 21698 
 21699 
 21700 
 21701 
 21702 
 21703 
 21704 
 21705 
 21706 
 21707 
 21708 
 21709 
 21710 
 21711 
 21712 
 21713 
 21714 
 21715 
 21716 
 21717 
 21718 
 21719 
 21720 
 21721 
 21722 
 21723 
 21724 
 21725 
 21726 
 21727 
 21728 
 21729 
 21730 
 21731 
 21732 
 21733 
 21734 
 21735 
 21736 
 21737 
 21738 
 21739 
 21740 
 21741 
 21742 
 21743 
 21744 
 21745 
 21746 
 21747 
 21748 
 21749 
 21750 
 21751 
 21752 
 21753 
 21754 
 21755 
 21756 
 21757 
 21758 
 21759 
 21760 
 21761 
 21762 
 21763 
 21764 
 21765 
 21766 
 21767 
 21768 
 21769 
 21770 
 21771 
 21772 
 21773 
 21774 
 21775 
 21776 
 21777 
 21778 
 21779 
 21780 
 21781 
 21782 
 21783 
 21784 
 21785 
 21786 
 21787 
 21788 
 21789 
 21790 
 21791 
 21792 
 21793 
 21794 
 21795 
 21796 
 21797 
 21798 
 21799 
 21800 
 21801 
 21802 
 21803 
 21804 
 21805 
 21806 
 21807 
 21808 
 21809 
 21810 
 21811 
 21812 
 21813 
 21814 
 21815 
 21816 
 21817 
 21818 
 21819 
 21820 
 21821 
 21822 
 21823 
 21824 
 21825 
 21826 
 21827 
 21828 
 21829 
 21830 
 21831 
 21832 
 21833 
 21834 
 21835 
 21836 
 21837 
 21838 
 21839 
 21840 
 21841 
 21842 
 21843 
 21844 
 21845 
 21846 
 21847 
 21848 
 21849 
 21850 
 21851 
 21852 
 21853 
 21854 
 21855 
 21856 
 21857 
 21858 
 21859 
 21860 
 21861 
 21862 
 21863 
 21864 
 21865 
 21866 
 21867 
 21868 
 21869 
 21870 
 21871 
 21872 
 21873 
 21874 
 21875 
 21876 
 21877 
 21878 
 21879 
 21880 
 21881 
 21882 
 21883 
 21884 
 21885 
 21886 
 21887 
 21888 
 21889 
 21890 
 21891 
 21892 
 21893 
 21894 
 21895 
 21896 
 21897 
 21898 
 21899 
 21900 
 21901 
 21902 
 21903 
 21904 
 21905 
 21906 
 21907 
 21908 
 21909 
 21910 
 21911 
 21912 
 21913 
 21914 
 21915 
 21916 
 21917 
 21918 
 21919 
 21920 
 21921 
 21922 
 21923 
 21924 
 21925 
 21926 
 21927 
 21928 
 21929 
 21930 
 21931 
 21932 
 21933 
 21934 
 21935 
 21936 
 21937 
 21938 
 21939 
 21940 
 21941 
 21942 
 21943 
 21944 
 21945 
 21946 
 21947 
 21948 
 21949 
 21950 
 21951 
 21952 
 21953 
 21954 
 21955 
 21956 
 21957 
 21958 
 21959 
 21960 
 21961 
 21962 
 21963 
 21964 
 21965 
 21966 
 21967 
 21968 
 21969 
 21970 
 21971 
 21972 
 21973 
 21974 
 21975 
 21976 
 21977 
 21978 
 21979 
 21980 
 21981 
 21982 
 21983 
 21984 
 21985 
 21986 
 21987 
 21988 
 21989 
 21990 
 21991 
 21992 
 21993 
 21994 
 21995 
 21996 
 21997 
 21998 
 21999 
 22000 
 22001 
 22002 
 22003 
 22004 
 22005 
 22006 
 22007 
 22008 
 22009 
 22010 
 22011 
 22012 
 22013 
 22014 
 22015 
 22016 
 22017 
 22018 
 22019 
 22020 
 22021 
 22022 
 22023 
 22024 
 22025 
 22026 
 22027 
 22028 
 22029 
 22030 
 22031 
 22032 
 22033 
 22034 
 22035 
 22036 
 22037 
 22038 
 22039 
 22040 
 22041 
 22042 
 22043 
 22044 
 22045 
 22046 
 22047 
 22048 
 22049 
 22050 
 22051 
 22052 
 22053 
 22054 
 22055 
 22056 
 22057 
 22058 
 22059 
 22060 
 22061 
 22062 
 22063 
 22064 
 22065 
 22066 
 22067 
 22068 
 22069 
 22070 
 22071 
 22072 
 22073 
 22074 
 22075 
 22076 
 22077 
 22078 
 22079 
 22080 
 22081 
 22082 
 22083 
 22084 
 22085 
 22086 
 22087 
 22088 
 22089 
 22090 
 22091 
 22092 
 22093 
 22094 
 22095 
 22096 
 22097 
 22098 
 22099 
 22100 
 22101 
 22102 
 22103 
 22104 
 22105 
 22106 
 22107 
 22108 
 22109 
 22110 
 22111 
 22112 
 22113 
 22114 
 22115 
 22116 
 22117 
 22118 
 22119 
 22120 
 22121 
 22122 
 22123 
 22124 
 22125 
 22126 
 22127 
 22128 
 22129 
 22130 
 22131 
 22132 
 22133 
 22134 
 22135 
 22136 
 22137 
 22138 
 22139 
 22140 
 22141 
 22142 
 22143 
 22144 
 22145 
 22146 
 22147 
 22148 
 22149 
 22150 
 22151 
 22152 
 22153 
 22154 
 22155 
 22156 
 22157 
 22158 
 22159 
 22160 
 22161 
 22162 
 22163 
 22164 
 22165 
 22166 
 22167 
 22168 
 22169 
 22170 
 22171 
 22172 
 22173 
 22174 
 22175 
 22176 
 22177 
 22178 
 22179 
 22180 
 22181 
 22194 
 22198 
 22204 
 22208 
 22222 
 22227 
 22232 
 22233 
 22238 
 22249 
 22267 
 22269 
 22275 
 22287 
 22295 
 22307 
 22320 
 22321 
 22322 
 22329 
 22330 
 22346 
 22403 
 22445 
 22449 
 22475 
 22478 
 22489 
 22490 
 22494 
 22501 
 22512 
 22520 
 22524 
 22739 
 22746 
 22748 
 22755 
 22766 
 22767 
 22787 
 22788 
 22837 
 22844 
 22902 
 22921 
 22979 
 22986 
 22992 
 23060 
 23065 
 23127 
 23129 
 23739 
 23743 
 23747 
 23749 
 23750 
 23786 
 23790 
 23807 
 23808 
 23829 
 23865 
 23867 
 23873 
 23880 
 23953 
 24150 
 24155 
 24312 
 24316 
 24326 
 24437 
 24511 
 24525 
 24549 
 24552 
 24558 
 24566 
 24589 
 24598 
 24600 
 24700 
 24726 
 24803 
 24855 
 24860 
 25812 
 26258 
 26498 
 26499 
 26508 
 26556 
 26633 
 26642 
 27266 
 27275 
 27310 
 27483 
 27526 
 27527 
 27757 
 27872 
 27950 
 28041 
 28877 
 28878 
 29130 
 29231 
 29270 
 29764 
 30262 
 30842 
 31526 
 31573 
 31574 
 31575 
 31576 
 31585 
 31643 
 31654 
 33126 
 34099 
 34103 
 34104 
 34106 
 34109 
 34110 
 34111 
 34112 
 34113 
 34114 
 34115 
 34116 
 34117 
 34118 
 34121 
 34122 
 34123 
 34124 
 34125 
 34126 
 34127 
 34128 
 34129 
 34130 
 34131 
 34132 
 34133 
 34134 
 34135 
 34142 
 34143 
 34146 
 34148 
 34152 
 34157 
 34162 
 34166 
 34168 
 34170 
 34174 
 34175 
 34177 
 34180 
 34184 
 34187 
 34188 
 34196 
 34199 
 34200 
 34206 
 34208 
 34209 
 34211 
 34212 
 34224 
 34233 
 34236 
 34239 
 34243 
 34246 
 34260 
 34266 
 34267 
 34268 
 34275 
 34281 
 34413 
 34417 
 34418 
 34427 
 34430 
 34434 
 34453 
 34536 
 34737 
 34784 
 34788 
 34804 
 35109 
 35320 
 35689 
 35727 
 35798 
 36130 
 36329 
 36337 
 36358 
 36410 
 36411 
 36423 
 36426 
 36433 
 36440 
 36481 
 36484 
 36528 
 36529 
 36530 
 36531 
 36532 
 36541 
 36754 
 36755 
 36756 
 36757 
 36758 
 36759 
 36760 
 36761 
 36762 
 36763 
 36764 
 36765 
 36766 
 36767 
 36768 
 36769 
 36770 
 36771 
 36772 
 36773 
 36774 
 36775 
 36776 
 36810 
 36846 
 36982 
 36983 
 36984 
 37013 
 37042 
 37099 
 37424 
 37920 
 38094 
 38280 
 38281 
 38368 
 38380 
 38978 
 39123 
 39124 
 39724 
 39925 
 41229 
 41275 
 41318 
 41337 
 42234 
 42611 
 42689 
 42812 
 42850 
 43026 
 43035 
 43036 
 43083 
 43214 
 43332 
 43333 
 43450 
 43653 
 43675 
 43766 
 43819 
 43853 
 43867 
 43935 
 43958 
 43999 
 44026 
 44058 
 44120 
 44150 
 44166 
 44248 
 44254 
 44300 
 44318 
 44449 
 44565 
 44581 
 44608 
 44623 
 44640 
 44652 
 44668 
 44804 
 44829 
 44904 
 44935 
 45000 
 45016 
 45104 
 45105 
 45127 
 45163 
 45204 
 45384 
 45386 
 45474 
 45556 
 45557 
 45591 
 45592 
 45597 
 45605 
 45620 
 45628 
 45738 
 45778 
 45930 
 46002 
 46032 
 46082 
 46376 
 46455 
 46481 
 46512 
 46550 
 46552 
 47010 
 47088 
 47103 
 47110 
 47116 
 47120 
 47127 
 47134 
 47147 
 47150 
 47159 
 47160 
 47165 
 47171 
 47182 
 47188 
 47231 
 47276 
 47401 
 47404 
 47496 
 47500 
 47689 
 47967 
 47990 
 48074 
 48102 
 48139 
 48207 
 48285 
 48352 
 48385 
 48409 
 48471 
 48479 
 48481 
 48540 
 48576 
 48751 
 48891 
 48921 
 48922 
 48925 
 48936 
 48974 
 49120 
 49124 
 49126 
 49131 
 49145 
 49276 
 49349 
 49412 
 49579 
 49673 
 49674 
 49701 
 50071 
 50200 
 50249 
 50281 
 50289 
 50291 
 50311 
 50339 
 50355 
 50411 
 50413 
 50438 
 50450 
 50484 
 50579 
 50625 
 50636 
 50650 
 50678 
 50726 
 50747 
 50806 
 50818 
 50867 
 50868 
 50966 
 50991 
 51001 
 51028 
 51081 
 51148 
 51156 
 51173 
 51381 
 51486 
 51581 
 51691 
 51782 
 51783 
 51900 
 51933 
 52018 
 52134 
 52268 
 52576 
 52764 
 52813 
 52902 
 53586 
 53611 
 53673 
 53674 
 53695 
 53696 
 53698 
 53700 
 53701 
 53702 
 53703 
 53704 
 53705 
 53706 
 53707 
 53708 
 53712 
 53713 
 53714 
 53715 
 53716 
 53717 
 53718 
 53719 
 53720 
 53721 
 53723 
 53724 
 53725 
 53727 
 53738 
 53742 
 53750 
 53754 
 53758 
 53759 
 53761 
 53762 
 53764 
 53769 
 53770 
 53774 
 53776 
 53781 
 53782 
 53783 
 53784 
 53789 
 53793 
 53796 
 53797 
 53801 
 53804 
 53806 
 53807 
 53810 
 53816 
 53817 
 53820 
 53821 
 53822 
 53824 
 53826 
 53827 
 53830 
 53836 
 53838 
 53839 
 53842 
 53843 
 53847 
 53848 
 53849 
 53852 
 53853 
 53855 
 53858 
 53862 
 53864 
 53866 
 53872 
 53873 
 53874 
 53885 
 53886 
 53887 
 53896 
 53898 
 53900 
 53901 
 53902 
 53905 
 53906 
 53912 
 53915 
 53917 
 53918 
 53922 
 53923 
 53927 
 53929 
 53930 
 53931 
 53934 
 53937 
 53954 
 53968 
 53973 
 53980 
 53988 
 53990 
 53998 
 54019 
 54027 
 54034 
 54039 
 54078 
 54101 
 54106 
 54114 
 54116 
 54122 
 54127 
 54128 
 54132 
 54143 
 54144 
 54164 
 54169 
 54185 
 54203 
 54231 
 54232 
 54252 
 54258 
 54269 
 54383 
 54391 
 54402 
 54424 
 54431 
 54434 
 54442 
 54446 
 54449 
 54450 
 54454 
 54462 
 54463 
 54465 
 54466 
 54467 
 54470 
 54484 
 54485 
 54506 
 54507 
 54515 
 54516 
 54527 
 54530 
 54536 
 54539 
 54545 
 54550 
 54552 
 54555 
 54563 
 54565 
 54568 
 54569 
 54570 
 54581 
 54587 
 54590 
 54591 
 54596 
 54624 
 54627 
 54629 
 54635 
 54636 
 54645 
 54649 
 54651 
 54657 
 54670 
 54676 
 54680 
 54682 
 54687 
 54709 
 54715 
 54750 
 54753 
 54787 
 54788 
 54789 
 54790 
 54801 
 54826 
 54842 
 54843 
 54845 
 54852 
 54854 
 54864 
 54881 
 54890 
 55022 
 55037 
 55039 
 55049 
 55051 
 55054 
 55071 
 55085 
 55115 
 55125 
 55129 
 55130 
 55156 
 55162 
 55393 
 56615 
 56706 
 57498 
 57506 
 57530 
 57542 
 57561 
 57592 
 57637 
 57701 
 57724 
 58155 
 58171 
 58180 
 58260 
 58270 
 58288 
 58289 
 58299 
 58309 
 58326 
 58337 
 58338 
 58343 
 58354 
 58355 
 58376 
 58377 
 58411 
 58441 
 58456 
 58461 
 58468 
 58474 
 58479 
 58484 
 58486 
 58490 
 58507 
 58549 
 58554 
 58558 
 58584 
 58590 
 58593 
 58594 
 58597 
 58649 
 58679 
 58683 
 58692 
 58703 
 58709 
 58710 
 58744 
 58805 
 58838 
 58839 
 58854 
 58921 
 58922 
 58933 
 58956 
 58965 
 58982 
 58983 
 58996 
 59012 
 59030 
 59033 
 59058 
 59068 
 59096 
 59119 
 59121 
 59122 
 59129 
 59142 
 59171 
 59207 
 59211 
 59212 
 59252 
 59300 
 59330 
 59347 
 59371 
 59414 
 59485 
 59525 
 59565 
 59583 
 59607 
 59637 
 59661 
 59666 
 71125 
 71706 
 72275 
 72285 
 72310 
 72328 
 72357 
 72382 
 72393 
 72425 
 72439 
 72446 
 72457 
 72458 
 72460 
 72468 
 72488 
 72489 
 72507 
 72531 
 72560 
 72561 
 72581 
 72583 
 72637 
 72670 
 72689 
 72703 
 72713 
 72759 
 72768 
 72826 
 72842 
 72843 
 72844 
 72850 
 72895 
 72961 
 72962 
 72966 
 72968 
 72996 
 73016 
 73037 
 73038 
 73054 
 73055 
 73056 
 73057 
 73058 
 73087 
 73151 
 73260 
 73301 
 73335 
 73341 
 73389 
 73407 
 73415 
 73420 
 73425 
 73428 
 73443 
 73474 
 73481 
 73485 
 73521 
 73599 
 73600 
 73626 
 73648 
 73657 
 73694 
 73712 
 73725 
 73753 
 73757 
 73784 
 73790 
 73798 
 73799 
 73860 
 73868 
 73876 
 73891 
 73916 
 73963 
 74026 
 74052 
 74074 
 74079 
 74110 
 74192 
 74207 
 74270 
 74286 
 74304 
 74309 
 74328 
 74329 
 74342 
 74348 
 74363 
 74368 
 74720 
 74723 
 74728 
 74745 
 74751 
 74770 
 74812 
 74892 
 74937 
 74958 
 74960 
 75040 
 75102 
 75109 
 75221 
 75227 
 75276 
 75315 
 75335 
 75376 
 75381 
 75434 
 75496 
 75548 
 75552 
 75569 
 75614 
 75636 
 75670 
 75686 
 75697 
 75709 
 75720 
 75742 
 75841 
 76117 
 76184 
 76199 
 76283 
 76304 
 76468 
 76486 
 76487 
 76493 
 76591 
 76615 
 76660 
 76674 
 76695 
 76696 
 76773 
 76790 
 76794 
 76836 
 76840 
 76874 
 76924 
 77004 
 77085 
 77132 
 77147 
 77180 
 77233 
 77463 
 77720 
 77757 
 77992 
 78068 
 78173 
 78202 
 78227 
 78332 
 78410 
 78726 
 78727 
 78835 
 78908 
 78934 
 78941 
 78974 
 79023 
 79026 
 79029 
 79048 
 79097 
 79105 
 79114 
 79141 
 79149 
 79163 
 79182 
 79189 
 79217 
 79222 
 79225 
 79290 
 79319 
 79327 
 79328 
 79386 
 79441 
 79462 
 79469 
 79506 
 79511 
 79521 
 79578 
 79579 
 79608 
 79650 
 79702 
 79735 
 79739 
 79755 
 79803 
 79818 
 79856 
 79861 
 79869 
 79896 
 79925 
 79930 
 79954 
 79958 
 79959 
 79962 
 79963 
 79964 
 79966 
 79967 
 79969 
 79970 
 79971 
 79972 
 79978 
 79979 
 79984 
 79985 
 79990 
 79995 
 79996 
 80001 
 80003 
 80012 
 80014 
 80032 
 80041 
 80248 
 80440 
 80521 
 80860 
 80869 
 80946 
 81136 
 81277 
 81279 
 81280 
 81331 
 81333 
 81334 
 81740 
 81741 
 81742 
 81823 
 81840 
 81844 
 81852 
 81875 
 81876 
 81897 
 81898 
 81902 
 81924 
 81925 
 81936 
 81937 
 81939 
 82052 
 82058 
 82062 
 82063 
 82080 
 82081 
 82090 
 82103 
 82109 
 82127 
 82138 
 82161 
 82172 
 82185 
 82206 
 82216 
 82217 
 82227 
 82233 
 82241 
 82242 
 82250 
 82273 
 82288 
 82298 
 82314 
 82328 
 82349 
 82361 
 82365 
 82399 
 82418 
 82442 
 82446 
 82464 
 82465 
 82469 
 82472 
 82473 
 82519 
 82554 
 82555 
 82568 
 82571 
 82612 
 82619 
 82627 
 82635 
 82678 
 82689 
 82696 
 82704 
 82773 
 82774 
 82795 
 82801 
 82867 
 82868 
 82930 
 82944 
 82948 
 82962 
 83037 
 83041 
 83058 
 83065 
 83069 
 83101 
 83102 
 83123 
 83154 
 83160 
 83161 
 83162 
 83163 
 83176 
 83201 
 83203 
 83204 
 83205 
 83228 
 83240 
 83275 
 83277 
 83278 
 83327 
 83332 
 83348 
 83352 
 83358 
 83368 
 83378 
 83393 
 83423 
 83459 
 83470 
 83502 
 83545 
 83565 
 83613 
 83625 
 83655 
 83689 
 83705 
 83756 
 83941 
 84020 
 84036 
 84049 
 84180 
 84192 
 84203 
 84249 
 84251 
 84275 
 84307 
 84370 
 84380 
 84406 
 84434 
 84435 
 84455 
 84480 
 84487 
 84490 
 84526 
 84527 
 84638 
 84664 
 84668 
 84669 
 84726 
 84730 
 84761 
 84762 
 84763 
 84765 
 84767 
 84768 
 84769 
 84771 
 84774 
 84782 
 84783 
 84791 
 84796 
 84797 
 84812 
 84821 
 84822 
 84832 
 84833 
 84843 
 84847 
 84848 
 84850 
 84852 
 84863 
 84864 
 84867 
 84868 
 84870 
 84904 
 84905 
 84925 
 84939 
 84953 
 85004 
 85008 
 85015 
 85019 
 85036 
 85037 
 85038 
 85040 
 85052 
 85054 
 85065 
 85077 
 85085 
 85098 
 85099 
 85101 
 85102 
 85103 
 85105 
 85107 
 85134 
 85135 
 85145 
 85158 
 85178 
 85180 
 85183 
 85184 
 85191 
 85200 
 85202 
 85208 
 85212 
 85213 
 85214 
 85221 
 85226 
 85239 
 85244 
 85250 
 85252 
 85268 
 85273 
 85298 
 85305 
 85344 
 85348 
 85396 
 85397 
 85398 
 85412 
 85434 
 85500 
 85535 
 85549 
 85561 
 85578 
 85582 
 85584 
 85590 
 85624 
 85625 
 85629 
 85639 
 85642 
 85663 
 85673 
 85683 
 85684 
 85701 
 85704 
 85714 
 85734 
 85757 
 85765 
 85777 
 85802 
 85840 
 85919 
 85993 
 86005 
 86018 
 86052 
 86069 
 86114 
 86129 
 86152 
 86173 
 86189 
 86195 
 86209 
 86227 
 86350 
 86373 
 86376 
 86377 
 86382 
 86392 
 86394 
 86401 
 86406 
 86407 
 86417 
 86420 
 86422 
 86432 
 86433 
 86434 
 86441 
 86442 
 86470 
 86500 
 86505 
 86512 
 86516 
 86524 
 86559 
 86568 
 86592 
 86615 
 86620 
 86683 
 86768 
 86845 
 86882 
 86883 
 86899 
 86902 
 86923 
 86954 
 86964 
 86965 
 86991 
 87006 
 87010 
 87013 
 87058 
 87069 
 87088 
 87131 
 87154 
 87170 
 87174 
 87184 
 87189 
 87226 
 87231 
 87243 
 87305 
 87324 
 87325 
 87345 
 87346 
 87347 
 87348 
 87349 
 87351 
 87352 
 87353 
 87354 
 87355 
 87356 
 87358 
 87359 
 87360 
 87361 
 87362 
 87363 
 87364 
 87365 
 87366 
 87369 
 87370 
 87371 
 87372 
 87374 
 87376 
 87380 
 87381 
 87382 
 87383 
 87384 
 87386 
 87387 
 87388 
 87390 
 87391 
 87395 
 87397 
 87399 
 87400 
 87404 
 87409 
 87411 
 87414 
 87416 
 87418 
 87422 
 87428 
 87432 
 87437 
 87440 
 87444 
 87446 
 87448 
 87449 
 87456 
 87459 
 87460 
 87470 
 87482 
 87484 
 87495 
 87499 
 87503 
 87508 
 87513 
 87521 
 87523 
 87528 
 87542 
 87543 
 87547 
 87549 
 87560 
 87566 
 87568 
 87569 
 87570 
 87576 
 87582 
 87587 
 87595 
 87625 
 87626 
 87633 
 87634 
 87714 
 87729 
 87782 
 87815 
 87834 
 87864 
 87865 
 87870 
 87894 
 87969 
 87982 
 88026 
 88062 
 88135 
 88137 
 88147 
 88167 
 88168 
 88200 
 88235 
 88262 
 88318 
 88321 
 88332 
 88339 
 88369 
 88377 
 88384 
 88385 
 88425 
 88440 
 88453 
 88458 
 88480 
 88483 
 88486 
 88487 
 88494 
 88495 
 88533 
 88562 
 88615 
 88641 
 88642 
 88651 
 88654 
 88683 
 88708 
 88735 
 88736 
 88786 
 88824 
 88840 
 88855 
 88856 
 88857 
 88874 
 88887 
 88893 
 88910 
 88959 
 88964 
 88977 
 88999 
 89001 
 89045 
 89046 
 89099 
 89125 
 89139 
 89166 
 89192 
 89243 
 89249 
 89252 
 89335 
 89407 
 89417 
 89447 
 89498 
 89538 
 89553 
 89598 
 89620 
 89647 
 89660 
 89682 
 89732 
 89754 
 89779 
 89780 
 89784 
 89796 
 89800 
 89815 
 89861 
 89874 
 89875 
 89893 
 89896 
 89921 
 89927 
 89935 
 89975 
 89984 
 90003 
 90014 
 90024 
 90027 
 90028 
 90043 
 90048 
 90049 
 90052 
 90060 
 90063 
 90067 
 90078 
 90083 
 90090 
 90120 
 90156 
 90157 
 90210 
 90215 
 90216 
 90227 
 90229 
 90256 
 90257 
 90264 
 90277 
 90296 
 90308 
 90314 
 90328 
 90338 
 90563 
 90570 
 90600 
 90638 
 90728 
 90733 
 90752 
 90753 
 90777 
 90902 
 91076 
 91619 
 91707 
 91730 
 91956 
 92671 
 93457 
 93485 
 93514 
 93770 
 93793 
 93801 
 93905 
 93921 
 93925 
 93931 
 93989 
 94015 
 94094 
 94115 
 94266 
 94267 
 94287 
 94335 
 94349 
 94350 
 94357 
 94363 
 94371 
 94375 
 94384 
 94389 
 94393 
 94417 
 94434 
 94494 
 94565 
 94573 
 94577 
 94650 
 94674 
 94710 
 94768 
 94803 
 94845 
 94866 
 94924 
 94925 
 94949 
 94953 
 94954 
 94971 
 95008 
 95036 
 95039 
 95049 
 95088 
 95130 
 95145 
 95180 
 95189 
 95207 
 95211 
 95222 
 95223 
 95225 
 95226 
 95227 
 95231 
 95232 
 95241 
 95242 
 95248 
 95249 
 95251 
 95256 
 95265 
 95266 
 95268 
 95272 
 95273 
 95274 
 95275 
 95278 
 95439 
 95478 
 95485 
 95488 
 95504 
 95642 
 95676 
 95684 
 95730 
 95769 
 95773 
 95801 
 95819 
 95833 
 95837 
 95894 
 95896 
 95897 
 95899 
 95900 
 95901 
 95905 
 95906 
 95907 
 95908 
 95909 
 95910 
 95911 
 95912 
 95913 
 95914 
 95915 
 95916 
 95917 
 95918 
 95919 
 95920 
 95922 
 95923 
 95924 
 95925 
 95927 
 95928 
 95929 
 95930 
 95931 
 95932 
 95933 
 95935 
 95936 
 95937 
 95938 
 95939 
 95940 
 95943 
 95944 
 95945 
 95949 
 95950 
 95951 
 95952 
 95953 
 95954 
 95959 
 95960 
 95961 
 95962 
 95963 
 95964 
 95965 
 95966 
 95969 
 95971 
 95972 
 95973 
 95974 
 95976 
 95978 
 95979 
 95980 
 95981 
 95982 
 95983 
 95984 
 95985 
 95986 
 95987 
 95988 
 95989 
 95990 
 95991 
 95992 
 95997 
 96002 
 96005 
 96007 
 96008 
 96012 
 96021 
 96025 
 96027 
 96029 
 96030 
 96031 
 96032 
 96034 
 96036 
 96037 
 96042 
 96043 
 96044 
 96047 
 96054 
 96055 
 96057 
 96062 
 96064 
 96066 
 96067 
 96068 
 96070 
 96103 
 96112 
 96120 
 96124 
 96127 
 96135 
 96138 
 96142 
 96144 
 96147 
 96150 
 96159 
 96161 
 96164 
 96173 
 96181 
 96184 
 96190 
 96205 
 96213 
 96214 
 96217 
 96237 
 96241 
 96242 
 96243 
 96244 
 96245 
 96251 
 96252 
 96255 
 96259 
 96261 
 96264 
 96267 
 96268 
 96269 
 96272 
 96273 
 96283 
 96288 
 96294 
 96296 
 96297 
 96300 
 96301 
 96302 
 96304 
 96305 
 96311 
 96312 
 96313 
 96334 
 96335 
 96336 
 96337 
 96339 
 96342 
 96343 
 96344 
 96345 
 96347 
 96348 
 96349 
 96354 
 96355 
 96356 
 96357 
 96358 
 96359 
 96360 
 96361 
 96362 
 96363 
 96364 
 96365 
 96366 
 96367 
 96368 
 96369 
 96370 
 96371 
 96372 
 96373 
 96374 
 96375 
 96376 
 96377 
 96378 
 96379 
 96380 
 96381 
 96382 
 96383 
 96384 
 96385 
 96386 
 96387 
 96388 
 96389 
 96390 
 96391 
 96392 
 96393 
 96394 
 96395 
 96396 
 96397 
 96398 
 96399 
 96400 
 96401 
 96402 
 96403 
 96404 
 96405 
 96406 
 96407 
 96408 
 96409 
 96410 
 96411 
 96412 
 96413 
 96414 
 96415 
 96417 
 96422 
 96433 
 96434 
 96435 
 96443 
 96444 
 96445 
 96448 
 96452 
 96453 
 96454 
 96455 
 96460 
 96463 
 96464 
 96467 
 96468 
 96469 
 96470 
 96471 
 96489 
 96490 
 96498 
 96522 
 96526 
 96533 
 96534 
 96535 
 96538 
 96551 
 96559 
 96572 
 96578 
 96580 
 96582 
 96619 
 96624 
 96628 
 96629 
 96632 
 96634 
 96636 
 96638 
 96644 
 96646 
 96658 
 96659 
 96660 
 96667 
 96670 
 96674 
 96677 
 96682 
 96683 
 96684 
 96685 
 96688 
 96690 
 96701 
 96719 
 96729 
 96733 
 96734 
 96736 
 96744 
 96748 
 96751 
 96755 
 96758 
 96767 
 96782 
 96785 
 96786 
 96793 
 96795 
 96802 
 96819 
 96820 
 96822 
 96829 
 96837 
 96840 
 96843 
 96854 
 96856 
 96875 
 96876 
 96884 
 96898 
 96899 
 96905 
 96906 
 96907 
 96914 
 96915 
 96916 
 96917 
 96920 
 96921 
 96922 
 97130 
 97131 
 97462 
 97637 
 97655 
 97656 
 97657 
 97658 
 97659 
 97665 
 97666 
 97668 
 97672 
 97673 
 97722 
 97723 
 97738 
 97753 
 97754 
 97755 
 97758 
 97762 
 97836 
 97837 
 97838 
 97839 
 97842 
 97857 
 97881 
 97892 
 97893 
 97894 
 97906 
 97907 
 97908 
 97909 
 97913 
 97937 
 97938 
 97940 
 97966 
 97967 
 97973 
 97996 
 97999 
 98002 
 98008 
 98009 
 98010 
 98016 
 98056 
 98064 
 98070 
 98071 
 98072 
 98076 
 98077 
 98078 
 98079 
 98080 
 98081 
 98086 
 98089 
 98093 
 98100 
 98101 
 98109 
 98113 
 98115 
 98116 
 98117 
 98120 
 98125 
 98128 
 98129 
 98137 
 98138 
 98139 
 98152 
 98155 
 98162 
 98163 
 98164 
 98178 
 98186 
 98189 
 98190 
 98194 
 98200 
 98201 
 98202 
 98203 
 98204 
 98205 
 98206 
 98207 
 98208 
 98209 
 98214 
 98215 
 98216 
 98218 
 98219 
 98220 
 98221 
 98233 
 98245 
 98246 
 98251 
 98272 
 98273 
 98274 
 98280 
 98286 
 98288 
 98290 
 98291 
 98292 
 98293 
 98294 
 98295 
 98296 
 98297 
 98298 
 98299 
 98300 
 98304 
 98305 
 98306 
 98333 
 98334 
 98335 
 98336 
 98337 
 98338 
 98339 
 98340 
 98341 
 98342 
 98345 
 98351 
 98497 
 98498 
 98499 
 98500 
 98501 
 98502 
 98527 
 98528 
 99323 
 99324 
 99325 
 99714 
 99717 
 99718 
 99719 
 99720 
 99721 
 99722 
 99741 
 99742 
 99743 
 99754 
 99755 
 99764 
 99765 
 99767 
 99770 
 99772 
 99779 
 99780 
 99781 
 99782 
 99792 
 99793 
 99794 
 99795 
 99799 
 99801 
 99802 
 99804 
 99812 
 99813 
 99814 
 99828 
 99830 
 99831 
 99832 
 99847 
 99848 
 99849 
 99850 
 99851 
 99864 
 99866 
 99873 
 99879 
 99884 
 99893 
 99894 
 99895 
 99896 
 99897 
 99898 
 99909 
 99910 
 99911 
 99916 
 99918 
 99920 
 99921 
 99922 
 99924 
 99930 
 99939 
 99942 
 99944 
 99945 
 99949 
 99950 
 99951 
 99958 
 99967 
 99980 
 99981 
 99982 
 99983 
 99984 
 99988 
 99989 
 99990 
 99996 
 99998 
 99999 
 100004 
 100005 
 100006 
 100007 
 100010 
 100011 
 100012 
 100013 
 100014 
 100026 
 100027 
 100035 
 100073 
 100074 
 100077 
 100081 
 100082 
 100083 
 100090 
 100092 
 100093 
 100101 
 100115 
 100116 
 100124 
 100125 
 100128 
 100129 
 100130 
 100133 
 100134 
 100148 
 100157 
 100160 
 100161 
 100162 
 100164 
 100167 
 100169 
 100170 
 100171 
 100172 
 100173 
 100180 
 100181 
 100182 
 100183 
 100184 
 100185 
 100186 
 100187 
 100190 
 100191 
 100192 
 100193 
 100194 
 100195 
 100196 
 100197 
 100198 
 100199 
 100202 
 100203 
 100262 
 100590 
 100596 
 100932 
 100933 
 100934 
 100935 
 100936 
 100937 
 100938 
 100939 
 100940 
 101002 
 101003 
 101044 
 101091 
 101092 
 101093 
 101094 
 101095 
 101096 
 101106 
 101107 
 101119 
 101120 
 101147 
 101288 
 101293 
 101294 
 101296 
 101323 
 101324 
 101325 
 101326 
 101343 
 101413 
 101478 
 101513 
 101514 
 101515 
 101516 
 101537 
 101538 
 101539 
 101540 
 101541 
 101570 
 101571 
 101572 
 101950 
 102071 
 102180 
 102225 
 102229 
 102233 
 102242 
 102249 
 102264 
 102270 
 102277 
 102278 
 102290 
 102300 
 102304 
 102305 
 102315 
 102319 
 102320 
 102322 
 102343 
 102354 
 102499 
 102520 
 102569 
 102595 
 102605 
 102606 
 102920 
 102946 
 102947 
 102958 
 103048 
 103049 
 103050 
 103051 
 103158 
 103220 
 103303 
 103396 
 103411 
 103412 
 103413 
 103414 
 103415 
 103418 
 103419 
 103422 
 103434 
 103446 
 103447 
 103454 
 103456 
 103460 
 103465 
 103466 
 103471 
 103472 
 103478 
 103480 
 103483 
 103491 
 103495 
 103525 
 103529 
 103551 
 103552 
 103556 
 103557 
 103569 
 103597 
 103598 
 103604 
 103618 
 103681 
 103682 
 103859 
 103868 
 103874 
 103875 
 103877 
 103885 
 103893 
 103900 
 103913 
 103915 
 103921 
 103925 
 103961 
 104010 
 104066 
 104072 
 104119 
 104121 
 104143 
 104147 
 104161 
 104212 
 104277 
 104295 
 104316 
 104399 
 104807 
 105089 
 105091 
 105165 
 105169 
 105170 
 105177 
 105178 
 105179 
 105180 
 105189 
 105190 
 105191 
 105192 
 105202 
 105217 
 105218 
 105219 
 105231 
 105232 
 105234 
 105237 
 105242 
 105248 
 105249 
 105250 
 105251 
 105252 
 105254 
 105255 
 105256 
 105257 
 105258 
 105260 
 105261 
 105262 
 105263 
 105264 
 105265 
 105266 
 105267 
 105268 
 105269 
 105270 
 105271 
 105272 
 105273 
 105274 
 105275 
 105276 
 105277 
 105279 
 105280 
 105281 
 105282 
 105284 
 105285 
 105286 
 105287 
 105288 
 105289 
 105290 
 105291 
 105292 
 105294 
 105295 
 105296 
 105297 
 105299 
 105300 
 105301 
 105303 
 105304 
 105306 
 105307 
 105308 
 105310 
 105311 
 105312 
 105313 
 105315 
 105316 
 105317 
 105318 
 105319 
 105320 
 105321 
 105322 
 105323 
 105325 
 105328 
 105329 
 105330 
 105331 
 105332 
 105334 
 105335 
 105340 
 105342 
 105343 
 105344 
 105345 
 105346 
 105347 
 105348 
 105349 
 105351 
 105352 
 105356 
 105357 
 105358 
 105359 
 105362 
 105364 
 105365 
 105369 
 105370 
 105371 
 105374 
 105375 
 105376 
 105377 
 105378 
 105379 
 105380 
 105388 
 105389 
 105392 
 105393 
 105396 
 105397 
 105398 
 105399 
 105400 
 105401 
 105402 
 105403 
 105404 
 105405 
 105408 
 105409 
 105410 
 105411 
 105412 
 105419 
 105420 
 105422 
 105423 
 105424 
 105426 
 105428 
 105435 
 105442 
 105445 
 105446 
 105447 
 105450 
 105453 
 105456 
 105457 
 105459 
 105460 
 105462 
 105468 
 105469 
 105472 
 105473 
 105482 
 105483 
 105484 
 105485 
 105486 
 105488 
 105489 
 105490 
 105492 
 105493 
 105495 
 105499 
 105500 
 105514 
 105517 
 105518 
 105530 
 105532 
 105538 
 105549 
 105561 
 105594 
 105602 
 105618 
 105639 
 105640 
 105641 
 105642 
 105650 
 105651 
 105666 
 105685 
 106402 
 107613 
 108448 
 108450 
 108493 
 108620 
 108621 
 108622 
 108898 
 109186 
 109214 
 109805 
 109881 
 109882 
 109883 
 109952 
 110010 
 110015 
 110073 
 110074 
 110160 
 110161 
 110162 
 110163 
 110164 
 110165 
 110223 
 110224 
 110241 
 110723 
 110724 
 111032 
 111161 
 111842 
 111982 
 112009 
 112028 
 112029 
 112236 
 112237 
 112238 
 112386 
 112408 
 112751 
 112752 
 112753 
 112755 
 112759 
 113187 
 113483 
 113484 
 113523 
 113545 
 113548 
 113784 
 113871 
 113872 
 113873 
 113874 
 113876 
 113877 
 113878 
 113879 
 113880 
 113887 
 113888 
 113892 
 113893 
 114158 
 114163 
 114193 
 114194 
 114195 
 114196 
 114200 
 114201 
 114282 
 114283 
 114292 
 114293 
 114296 
 114297 
 114299 
 114300 
 114310 
 114311 
 114314 
 114315 
 114326 
 114327 
 114336 
 114337 
 114348 
 114349 
 114356 
 114357 
 114358 
 114359 
 114381 
 114382 
 114383 
 114384 
 114398 
 114399 
 114430 
 114431 
 114506 
 114507 
 114508 
 114509 
 114602 
 114603 
 114652 
 114698 
 114699 
 114700 
 114701 
 114702 
 114703 
 114704 
 114705 
 114710 
 114711 
 114712 
 114713 
 114715 
 114716 
 114717 
 114718 
 114719 
 114720 
 114721 
 114722 
 114723 
 114724 
 114725 
 114726 
 114727 
 114728 
 114729 
 114730 
 114731 
 114732 
 114734 
 114735 
 114737 
 114738 
 114739 
 114740 
 114742 
 114744 
 114745 
 114746 
 114747 
 114748 
 114749 
 114750 
 114751 
 114754 
 114755 
 114756 
 114757 
 114758 
 114759 
 114760 
 114761 
 114762 
 114763 
 114765 
 114766 
 114767 
 114768 
 114769 
 114770 
 114771 
 114772 
 114773 
 114774 
 114776 
 114777 
 114778 
 114779 
 114780 
 114781 
 114783 
 114784 
 114785 
 114786 
 114787 
 114788 
 114789 
 114790 
 114792 
 114793 
 114794 
 114795 
 114796 
 114797 
 114803 
 114804 
 114811 
 114812 
 114813 
 114814 
 114816 
 114817 
 114818 
 114819 
 114820 
 114821 
 114822 
 114823 
 114831 
 114832 
 114836 
 114837 
 114838 
 114839 
 114840 
 114841 
 114848 
 114849 
 114851 
 114852 
 114860 
 114861 
 114867 
 114868 
 114874 
 114875 
 114876 
 114877 
 114878 
 114879 
 114880 
 114881 
 114882 
 114883 
 114884 
 114885 
 114892 
 114893 
 114894 
 114895 
 114896 
 114897 
 114898 
 114904 
 114905 
 114911 
 114912 
 114913 
 114914 
 114915 
 114916 
 114917 
 114918 
 114920 
 114921 
 114923 
 114924 
 114925 
 114926 
 114929 
 114930 
 114932 
 114933 
 114935 
 114936 
 114937 
 114938 
 114939 
 114940 
 114941 
 114942 
 114959 
 114960 
 114964 
 114965 
 114976 
 114977 
 114978 
 114979 
 114981 
 114982 
 114983 
 114984 
 114994 
 114995 
 114998 
 115000 
 115011 
 115012 
 115013 
 115014 
 115043 
 115044 
 115052 
 115053 
 115078 
 115079 
 115080 
 115081 
 115087 
 115088 
 115118 
 115119 
 115120 
 115121 
 115138 
 115139 
 115149 
 115150 
 115177 
 115178 
 115179 
 115180 
 115183 
 115184 
 115191 
 115192 
 115193 
 115194 
 115195 
 115196 
 115197 
 115198 
 115205 
 115218 
 115219 
 115223 
 115224 
 115227 
 115228 
 115234 
 115235 
 115237 
 115241 
 115242 
 115252 
 115253 
 115254 
 115255 
 115256 
 115257 
 115258 
 115259 
 115260 
 115261 
 115265 
 115266 
 115267 
 115268 
 115271 
 115272 
 115275 
 115276 
 115278 
 115279 
 115286 
 115287 
 115288 
 115289 
 115292 
 115293 
 115294 
 115295 
 115297 
 115298 
 115299 
 115300 
 115305 
 115306 
 115312 
 115313 
 115314 
 115315 
 115349 
 115350 
 115372 
 115373 
 115374 
 115375 
 115390 
 115391 
 115401 
 115402 
 115406 
 115407 
 115417 
 115487 
 115488 
 115489 
 115490 
 115502 
 115503 
 115504 
 115505 
 115517 
 115518 
 115545 
 115546 
 115578 
 115579 
 115585 
 115590 
 115591 
 115592 
 115593 
 115595 
 115596 
 115597 
 115598 
 115599 
 115600 
 115601 
 115602 
 115607 
 115608 
 115623 
 115624 
 115638 
 115639 
 115640 
 115641 
 115642 
 115643 
 115645 
 115646 
 115649 
 115650 
 115651 
 115652 
 115654 
 115655 
 115658 
 115659 
 115678 
 115679 
 115684 
 115685 
 115690 
 115691 
 115700 
 115703 
 115705 
 115706 
 115707 
 115717 
 115718 
 115720 
 115721 
 115722 
 115732 
 115733 
 115739 
 115744 
 115745 
 115756 
 115762 
 115791 
 115794 
 115795 
 115796 
 115799 
 115808 
 115809 
 115884 
 115885 
 115943 
 115948 
 115949 
 116146 
 116148 
 116217 
 116238 
 116239 
 116245 
 116246 
 116249 
 116250 
 116252 
 116267 
 116273 
 116274 
 116282 
 116283 
 116321 
 116322 
 116324 
 116325 
 116329 
 116330 
 116331 
 116332 
 116335 
 116336 
 116339 
 116340 
 116343 
 116344 
 116348 
 116349 
 116350 
 116351 
 116352 
 116353 
 116355 
 116356 
 116362 
 116363 
 116364 
 116365 
 116366 
 116367 
 116368 
 116369 
 116375 
 116376 
 116379 
 116380 
 116382 
 116383 
 116384 
 116385 
 116386 
 116387 
 116398 
 116399 
 116400 
 116401 
 116403 
 116404 
 116415 
 116416 
 116418 
 116419 
 116420 
 116421 
 116450 
 116451 
 116469 
 116470 
 116479 
 116524 
 116525 
 116526 
 116527 
 116542 
 116543 
 116545 
 116546 
 116555 
 116556 
 116586 
 116587 
 116588 
 116589 
 116814 
 116960 
 116980 
 116981 
 116983 
 116984 
 116986 
 116987 
 116988 
 116989 
 116991 
 116992 
 116994 
 116995 
 116997 
 116998 
 116999 
 117000 
 117001 
 117002 
 117006 
 117007 
 117010 
 117011 
 117012 
 117013 
 117014 
 117015 
 117016 
 117017 
 117018 
 117019 
 117020 
 117021 
 117029 
 117030 
 117032 
 117033 
 117035 
 117039 
 117040 
 117041 
 117042 
 117043 
 117044 
 117045 
 117046 
 117047 
 117048 
 117050 
 117051 
 117052 
 117053 
 117054 
 117055 
 117056 
 117057 
 117058 
 117059 
 117061 
 117062 
 117065 
 117066 
 117070 
 117072 
 117074 
 117075 
 117076 
 117110 
 117131 
 117132 
 117140 
 117193 
 117194 
 117207 
 117248 
 117454 
 117479 
 117533 
 117534 
 117535 
 117536 
 117540 
 117553 
 117554 
 117561 
 117666 
 117731 
 117743 
 117767 
 117775 
 117786 
 117787 
 117788 
 117789 
 117795 
 117797 
 117807 
 117850 
 117859 
 117871 
 117875 
 117878 
 117883 
 117891 
 117893 
 117894 
 117900 
 117905 
 117907 
 117908 
 117911 
 117929 
 117930 
 118031 
 118043 
 118056 
 118098 
 118109 
 118110 
 118112 
 118119 
 118132 
 118137 
 118165 
 118180 
 118182 
 118186 
 118219 
 118249 
 118256 
 118258 
 118267 
 118269 
 118270 
 118271 
 118276 
 118277 
 118278 
 118279 
 118280 
 118284 
 118334 
 118335 
 118392 
 118395 
 118407 
 118408 
 118409 
 118488 
 118563 
 118564 
 118565 
 118568 
 118569 
 118573 
 118597 
 118603 
 118604 
 118617 
 118703 
 118704 
 118792 
 118796 
 118798 
 118815 
 118816 
 118851 
 118865 
 118961 
 119020 
 120110 
 120111 
 120121 
 120136 
 120162 
 120252 
 120261 
 120317 
 120318 
 120323 
 120324 
 120325 
 120328 
 120517 
 120518 
 120519 
 120521 
 