456,07799705265
456,07947120764
456,07949556776
456,07771727259
456,07876132435
456,07931761659
456,07880346606
456,07958042477
456,07870752343
456,07584906590
456,07768686238
456,07800588268
456,07816278160
456,07879560779
456,07946027282
456,07584319194
456,07792705037
456,07958446139
456,07961055164
456,07870153615
456,07405671808
456,07805958646
456,07944304244
456,07920076630
456,07946722627
456,07429506078
456,07535559997
456,07988062803
456,07898997174
456,07948191655
456,07887750649
456,07557876491
456,07502224296
456,07858576421
456,07909224586
456,07830654281
456,07972001394
456,07879991708
456,07837653363
456,07960428888
456,07817038916
456,07976188347
456,07805556090
456,07814450631
456,07833946498
456,07958656162
456,07949875422
456,07887692530
456,07462888077
456,07805151261
456,07831763234
456,07805515632
456,07585557608
456,07554422163
456,07771687113
456,07800814528
456,07723359173
456,07971079254
456,07548650732
456,07771905883
456,07867804818
456,07501867034
456,07766524370
456,07857051239
456,07814195400
456,07890389818
456,07732721751
456,07968712147
456,07778540257
456,07899933387
456,07960695029
456,07723039895
456,07419315856
456,07557337414
456,07979949649
456,07772046157
456,07546940340
456,07735566599
456,07766604269
456,07967947588
456,07790188612
456,07540883107
456,07877845038
456,07757336745
456,07919877071
456,07958195664
456,07806724443
456,07557228390
456,07881881558
456,07961356554
456,07401880090
456,07752147619
456,07967997284
456,07875710547
456,07463302451
456,07977048046
456,07511082633
456,07977743258
456,07903010006
456,07544441268
456,07525294062
456,07813452928
456,07969742146
456,07719466112
456,07768627668
456,07802552923
456,07814946629
456,07469254318
456,07927512242
456,07930734191
456,07518392338
456,07956948441
456,07928618978
456,07799526841
456,07865471050
456,07798771424
456,07799856264
456,07866658374
456,07446940241
456,07541688435
456,07762351864
456,07958377024
456,07930161105
456,07831133933
456,07944425554
456,07834165954
456,07450267614
456,07462777966
456,07923062649
456,07886857398
456,07967532207
456,07985836280
456,07701052947
456,07538991694
456,07810262424
456,07545108094
456,07739372323
456,07846226607
456,07517769102
456,07564761364
456,07717337336
456,07506321704
456,07564266229
456,07909966311
456,07920058028
456,07584394114
456,07719137345
456,07961944837
456,07837774846
456,07466606103
456,07821768658
456,07551319627
456,07900187287
456,07727099579
456,07449507076
456,07854803486
456,07548614131
456,07774212645
456,07771606352
456,07884157342
456,07740398370
456,07749672158
456,07832979505
456,07543302153
456,07525015835
456,07930890493
456,07525451091
456,07534100791
456,07980597725
456,07533791326
456,07930264558
456,07949026619
456,07880736621
456,07598128980
456,07411026402
456,07518492784
456,07870169786
456,07974714030
456,07426099714
456,07712434669
456,07878170908
456,07790954012
456,07784628750
456,07542751255
456,07411090066
456,07840109361
456,07736317577
456,07775434391
456,07584431548
456,07585701569
456,07958035265
456,07553112301
456,07572154598
456,07507339411
456,07908216142
456,07411666339
456,07711206833
456,07818403007
456,07539723599
456,07545803585
456,07460660990
456,07940009451
456,07947442229
456,07949293956
456,07894302366
456,07932078750
456,07880310611
456,07789975941
456,07856347156
456,07919463085
456,07768532481
456,07866652090
456,07794641494
456,07863107538
456,07752319543
456,07907749408
456,07950361588
456,07810521812
456,07833251805
456,07448686413
456,07928764254
456,07870416634
456,07960666099
456,07738527597
456,07960507946
456,07951860317
456,07904154857
456,07444451228
456,07507982488
456,07528723959
456,07788656722
456,07967951008
456,07749622013
456,07974690041
456,07779565621
456,07830793160
456,07541530368
456,07772188438
456,07782101122
456,07791336239
456,07864137579
456,07727077314
456,07557100546
456,07861965734
456,07856695183
456,07861780997
456,07856930329
456,07891189926
456,07789711868
456,07983753307
456,07814835936
456,07810123109
456,07834383475
456,01874620176
456,07454539043
456,07791013547
456,07984782765
456,07401879797
456,07779432556
456,07958669372
456,07788238168
456,07741120733
456,07766150504
456,07904210322
456,07800559673
456,07831210180
456,07809721560
456,07454725294
456,07876260935
456,07814465677
456,07815565738
456,07813326509
456,07971988641
456,07919891963
456,07752093461
456,07761352391
456,07759679915
456,07541675673
456,07969356310
456,07971509977
456,07521956732
456,07747344353
456,07814200519
456,07748230944
456,07752150833
456,07748326966
456,07809608555
456,07932571623
456,07944560990
456,07716368050
456,07871604684
456,07883314627
456,07932354365
456,07762335497
456,07553785763
456,07915640532
456,07711042821
456,07568379872
456,07467100429
456,07941134371
456,07841461406
456,07538832628
456,07972014491
456,07462062068
456,07402090700
456,07412572448
456,07956728291
456,07594110005
456,07778392646
456,07961071348
456,07872499992
456,07598081604
456,07960483827
456,07773212223
456,07717094100
456,07801096648
456,07850102234
456,07904369058
456,07842416696
456,07507218582
456,07596888016
456,07469840395
456,07507477371
456,07958004625
456,07800516769
456,07512474803
456,07811338860
456,01803557467
456,07584578876
456,07896416803
456,07549489186
456,07837179498
456,07796310761
456,07443077306
456,07580058697
456,07768511487
456,07947864646
456,07870700644
456,07500367886
456,07788140029
456,07970392502
456,07842841343
456,07970675216
456,07768938058
456,07834554588
456,07723332837
456,07540200210
456,07949331314
456,07971072685
456,07786010377
456,07966396471
456,07423747461
456,07758616283
456,07881480551
456,07813380613
456,07703397225
456,07402249416
456,07403193038
456,07881598496
456,07971048459
456,07799685677
456,07833310734
456,07525854508
456,07834370303
456,07772767535
456,07919344805
456,07956631560
456,07584422711
456,07415626528
456,07766288932
456,07775372170
456,07908603971
456,07725259585
456,07709688269
456,07774557191
456,07908622087
456,07976637998
456,07903116221
456,07986226744
456,07523458067
456,07754270764
456,07883974598
456,07742505201
456,07713385108
456,07525328276
456,07735254026
456,07930914359
456,07824514302
456,07529335257
456,07973443222
456,07803254998
456,07973757453
456,07846148812
456,07931152012
456,07932869177
456,07534946521
456,07771887076
456,07535805794
456,07714763072
456,07964099151
456,07972863552
456,07596383328
456,07473073711
456,07530180472
456,07826234389
456,07879160319
456,07769061377
456,07974625557
456,07445937090
456,07969492744
456,07561897615
456,078718407628
456,07769078679
456,07404759185
456,07780330353
456,07403030808
456,07447723724
456,059617
456,07876359664
456,07877669879
456,07400093393
456,07889681242
456,07453641889
456,07772280911
456,07813447502
456,07800977157
456,07732311964
456,07790478011
456,07892827405
456,07717798188
456,07859212211
456,07885973320
456,07813032257
456,07949718507
456,07770235983
456,07961039920
456,07846551178
456,07833225396
456,07807621402
456,07502402032
456,07460060341
456,07506414265
456,07553690843
456,07780438723
456,07795165081
456,07702814170
456,07505369739
456,07879901001
456,07404629912
456,07733121002
456,07429350953
456,07751577046
456,07884825158
456,07879998586
456,07768570129
456,07725107908
456,07496073062
456,07588551126
456,07901675356
456,07957488416
456,07968234504
456,07738998193
456,07837663620
456,07889140722
456,07732341520
456,07743035705
456,07593791580
456,07828832296
456,07989065706
456,07513604268
456,07512748049
456,07884302470
456,07967859091
456,07765400464
456,07582545399
456,07787090406
456,07939294003
456,07544289923
456,07948382325
456,07874653537
456,07931655241
456,07966001802
456,07956340819
456,01543674497
456,07969295225
456,07961996130
456,07966406029
456,07437434864
456,07980858404
456,07958754940
456,07912655816
456,07528036398
456,07474705048
456,07561105360
456,07468918911
456,07476668771
456,07514919196
456,07447433101
456,07884578709
456,07516394409
456,017570257861
456,07872619635
456,07947515030
456,07855748215
456,07556200507
456,07950341834
456,07591700746
456,07518404382
456,07985784890
456,07884403453
456,07516040680
456,07980076202
456,07472961978
456,07481156835
456,07737817545
456,07533637389
456,07502063214
456,07702568037
456,07534749425
456,07838902790
456,07445333058
456,07875102346
456,07506289084
456,07790735101
456,07796376739
456,07786038812
456,07958009100
456,07977821130
456,07540625098
456,07526725414
456,07501382776
456,07922174164
456,07817267279
456,07949164260
456,07501252983
456,07718665202
456,07949375593
456,07542800401
456,07596921160
456,07578230007
456,07577859959
456,07970318473
456,07763499901
456,07876017754
456,07960596166
456,07447426648
456,07542940457
456,07766928427
456,07923316503
456,07899844688
456,07449579332
456,07515663516
456,07400003363
456,07909432727
456,07594000850
456,07775688322
456,07412677554
456,07519757705
456,07453989157
456,07957497226
456,07824612510
456,07952621656
456,07976155186
456,07508016507
456,07711724090
456,07864398296
456,07538860668
456,07739190727
456,07759093623
456,07425571292
456,07968820764
456,07887402610
456,07715231671
456,07950696329
456,07734303905
456,07856389442
456,07801564355
456,07795211054
456,07806786457
456,07813073143
456,07957964889
456,07828812978
456,07939243994
456,07813200987
456,07960414934
456,07851127967
456,07715991079
456,07960403601
456,07841045286
456,07870641086
456,07828194275
456,07939860300
456,07450065630
456,07968184875
456,07858191400
456,07795468755
456,07958241080
456,07960959260
456,07840767724
456,07879282005
456,07719136661
456,07890746606
456,07740003508
456,07903332845
456,07957744460
456,07939976652
456,07802967713
456,07840095793
456,07854034188
456,07722564384
456,07782213432
456,07811763946
456,07855890764
456,07411238339
456,07540117003
456,07550723112
456,07889019697
456,07904291242
456,07950733300
456,07852150113
456,07709013880
456,07719591003
456,07809430884
456,07713348106
456,07828542432
456,07526059702
456,07875918220
456,07549684575
456,07790735593
456,07889460201
456,07912940018
456,07774979603
456,07943568702
456,07861551145
456,07715060447
456,07714246704
456,07772210522
456,07989859915
456,07986515913
456,07950444800
456,07907258718
456,07788250260
456,07543646051
456,07863924828
456,07976666765
456,01263733639
456,07805089666
456,07874068330
456,07887781359
456,07511453319
456,07957444775
456,07980553084
456,07944563812
456,07582272426
456,07816951598
456,07903643668
456,07956557063
456,07772596276
456,07704750089
456,07720611994
456,01162591066
456,07833252741
456,07403301017
456,07432690689
456,07966062334
456,07981109314
456,07944376632
456,07825678211
456,07801227587
456,07521038141
456,07854566456
456,07871856393
456,07857976701
456,07984748686
456,07818336399
456,07724391543
456,07985297049
456,07871380098
456,07947754393
456,07789977411
456,07891896151
456,07770593268
456,07775952146
456,07725746476
456,07973345135
456,07973124148
456,07714879147
456,07709635279
456,07878683845
456,07807765547
456,07970130363
456,07517090526
456,07757303890
456,07970316279
456,07533801357
456,07853876691
456,07866605918
456,07910000021
456,07769250602
456,07870668148
456,07510792297
456,07950591682
456,07841378451
456,07830942812
456,07730459961
456,07711683758
456,07925306449
456,07887765678
456,07980202923
456,07803419818
456,07851387204
456,07783054702
456,07790322546
456,07879122849
456,07789712244
456,07833373923
456,07930153370
456,07584091718
456,07525847458
456,07919050787
456,07906920626
456,07786222237
456,07543993096
456,07810356872
456,07841867948
456,07760980174
456,07811395690
456,07585223199
456,07714744848
456,07857425120
456,07897512251
456,07939025960
456,07531053419
456,07793032554
456,07748594180
456,07740343890
456,07958067878
456,07783014710
456,07547841125
456,07903664981
456,07922779252
456,07958312679
456,07916044123
456,07885664319
456,07947569861
456,07949856686
456,07969854736
456,07798505261
456,07425672490
456,07951330017
456,07588480582
456,07956065780
456,07925575700
456,07523970042
456,07925142306
456,07400183283
456,07502314446
456,07776468854
456,07951347529
456,07914000257
456,07902237552
456,07901831323
456,07799836999
456,07800558449
456,07795432543
456,07840860189
456,07427601694
456,07834394762
456,07479795446
456,07709587543
456,07866277538
456,07920827117
456,07878930416
456,07438434814
456,07526630624
456,07770631099
456,07940995254
456,07972494271
456,07875665788
456,07837833298
456,07904594015
456,07842997829
456,07807030983
456,07463114333
456,07946795321
456,07850322050
456,07758035737
456,07918779496
456,07713988030
456,07817909920
456,07722191213
456,07903005644
456,07876754075
456,07590699808
456,07580618816
456,07527960185
456,07729676828
456,07778450151
456,07881366463
456,07411959606
456,07462569973
456,07795565985
456,07838818810
456,07429129869
456,07939842398
456,07783021862
456,07956055743
456,07799605507
456,07429466226
456,07835647179
456,01274418978
456,07773701154
456,07787311213
456,07572419264
456,07919190950
456,07860238225
456,07748900961
456,07956710345
456,07411141443
456,07973665753
456,07739406488
456,07795900244
456,07976941106
456,07772694231
456,07748611652
456,07535496510
456,07931230155
456,07930394173
456,07980679834
456,07786079468
456,07512250011
456,07984408836
456,07853326540
456,07801721576
456,07984094739
456,07778294766
456,07974260834
456,07766966762
456,07788980130
456,07842108206
456,07788560658
456,07519120272
456,07507909663
456,07967673789
456,07775572857
456,07956185664
456,07449074137
456,07958158260
456,07976204236
456,07976699438
456,07778419768
456,07969808588
456,07717345255
456,07974999208
456,07894748069
456,07401290790
456,07785980695
456,07761606442
456,07811148629
456,07944705102
456,07939418636
456,07747386531
456,07988698564
456,07939700599
456,07796173091
456,07788287568
456,07833549836
456,07741338723
456,07881474522
456,07500548871
456,07798873801
456,07970431640
456,07903423094
456,07788204332
456,07584993219
456,07926899771
456,07415606268
456,07776809648
456,07513789641
456,07966404872
456,07778706434
456,07803256377
456,07850498158
456,07971724416
456,07799121278
456,07814595869
456,07790736703
456,07881293915
456,07816222873
456,07778485164
456,07979456455
456,07788564676
456,07445566776
456,07584662130
456,07754692730
456,07737359861
456,07940162091
456,07854249819
456,07950709549
456,07947982257
456,07960307765
456,07791075237
456,07596778322
456,07875999771
456,07764339023
456,07866314963
456,07984010112
456,07402315319
456,07939202282
456,07938594749
456,07541289108
456,07709992358
456,07551390777
456,07415236927
456,07939228277
456,07896682623
456,07961990633
456,07730703276
456,07531327711
456,07711050300
456,07873944315
456,07932400933
456,07704548589
456,07783612867
456,07532135174
456,07775972476
456,07581125664
456,07940430827
456,07748860222
456,07719714036
456,07817330912
456,07980458788
456,07796676405
456,07727097347
456,07973530477
456,07757127745
456,07540984406
456,07432572952
456,07508950319
456,07707184164
456,07501065689
456,07506115895
456,07947360386
456,07506310794
456,07931975968
456,07442209253
456,07557302233
456,07788161133
456,07765159442
456,07949506959
456,07407322020
456,07515632420
456,07778588785
456,07946167786
456,07984049094
456,07581003228
456,07512588777
456,07570315361
456,07552573406
456,07900463467
456,07450116860
456,07508584731
456,07475784736
456,07919931795
456,07958654396
456,07951010892
456,07886203778
456,07728939202
456,07518730457
456,07949175303
456,07541154265
456,07400696778
456,07864294441
456,07762438894
456,07591753948
456,07932951507
456,07906321612
456,07872664726
456,07792260095
456,07859086800
456,07454844169
456,07534469430
456,07971727997
456,07747196528
456,07765643003
456,07482652141
456,07850170294
456,07977945979
456,07751306047
456,07980760946
456,07702556509
456,01264810597
456,07776476007
456,07714613143
456,07428728564
456,07942255446
456,07713875643
456,07951234828
456,07754926924
456,07852237760
456,07958533978
456,07405017990
456,07984440880
456,07740863817
456,07513142144
456,0"7846031111	"
456,07546882391
456,07887247385
456,07999535715
456,07474960994
456,07904041569
456,07563012242
456,07816513605
456,07470812112
456,07730222640
456,07805021951
456,07887441461
456,07450728068
456,07950559994
456,07931907513
456,07952464878
456,07714844087
456,07547767133
456,07801850472
456,07930322476
456,07850562533
456,07412383689
456,07525092018
456,07432681593
456,07512506020
456,07801261225
456,07547643283
456,07515545358
456,07812561108
456,07508691590
456,07947820051
456,07779096801
456,07923922940
456,07804521625
456,07549132519
456,07518503948
456,07553474323
456,07887492471
456,07552089269
456,07909910998
456,07762656056
456,07765636868
456,07850862365
456,07400062620
456,07411100418
456,07540491425
456,07734148681
456,07925933131
456,07504246899
456,07827016453
456,07711773768
456,07570968864
456,0"7429447562	"
456,07429447562
456,07455089796
456,07711034050
456,07711763069
456,07940540295
456,07547307951
456,07711033967
456,07984658015
456,07710858389
456,07803460017
456,07788877097
456,07918435212
456,07540762026
456,07725622762
456,07415929571
456,07577660979
456,07590559309
456,07906281007
456,07833583848
456,07590323805
456,07943707741
456,07765937115
456,07725322550
456,07974133173
456,07976247244
456,07710616780
456,07415214700
456,07538301721
456,07956338905
456,07956915554
456,07595185474
456,07412998940
456,0"7523580228	"
456,07427646388
456,07715444001
456,07724682717
456,07961841924
456,07401101001
456,07852146125
456,07955564196
456,07734869256
456,07403313337
456,07912043286
456,07716984665
456,07854848482
456,07982867896
456,07809241622
456,07475098222
456,07732732491
456,07743212110
456,07879651439
456,07721331654
456,07405730608
456,07518731959
456,07816511915
456,07511249006
456,07838114236
456,07736666127
456,07734873878
456,07795310188
456,07590007594
456,07827326689
456,07447034898
456,07944640573
456,07837912702
456,07825738434
456,07940310296
456,07455384949
456,07985750541
456,07734468398
456,07505367027
456,07538793519
456,07795158007
456,07834322584
456,07745792160
456,07805484581
456,07947165824
456,07961353838
456,07463435974
456,07788543480
456,07800576779
456,07403785757
456,07973422371
456,07775917650
456,07749443126
456,07745436216
456,07751107134
456,07962371883
456,07473993929
456,07805111969
456,07956834973
456,07958324272
456,07770271294
456,07801824172
456,07740799295
456,07881388645
456,07767886548
456,07984046700
456,07968578079
456,07969070380
456,07958010573
456,07718068723
456,07900214124
456,07401730303
456,07741079227
456,07515277576
456,07453287434
456,07530937229
456,07753170514
456,07944582437
456,07940710885
456,07703324532
456,07951400567
456,07847336791
456,07966449365
456,07462561672
456,07535307861
456,07870699616
456,07752355581
456,07944959584
456,07949830170
456,07985585513
456,07713435300
456,07581382905
456,07917443368
456,07788874805
456,07834999712
456,07511495995
456,07435441360
456,07411054382
456,07887892123
456,07581130753
456,07951248622
456,07702902242
456,07883551001
456,07931786795
456,07791742947
456,07713838627
456,07713563990
456,07758444423
456,07950954257
456,07714444909
456,07985779079
456,07502259150
456,07518223493
456,07595483267
456,07716883814
456,07594666221
456,07876104634
456,07598833248
456,07580361947
456,07459522880
456,07405576993
456,07522843186
456,07534666098
456,07580480906
456,07525827004
456,07535821754
456,07762540626
456,07908496756
456,07753418201
456,07769619937
456,07709920101
456,07873101641
456,07467020527
456,07506521840
456,07831227397
456,07521315353
456,07826155318
456,07787147834
456,07710376173
456,07538762532
456,07789080073
456,07540330414
456,07507141893
456,07756778897
456,07529858304
456,07956893260
456,07708857890
456,07791582756
456,07772548476
456,07932015195
456,07805970527
456,07946136842
456,07466836512
456,07741281828
456,07523583043
456,07437517785
456,07594425234
456,07845592641
456,07534536817
456,07709042461
456,07701387956
456,07837270014
456,07939318473
456,07872598245
456,07712660870
456,07736735203
456,07513365693
456,07938238836
456,07593823737
456,07872023440
456,07432595255
456,07871830630
456,07714892253
456,07936130767
456,07534426742
456,07466198580
456,07809483044
456,07971159030
456,07914788711
456,07411555588
456,07931233753
456,07737403375
456,07901359138
456,07946834732
456,07948703143
456,07908915679
456,07931227400
456,07596248990
456,07501925457
456,07985925718
456,07968470694
456,07949119019
456,07525665358
456,07597059755
456,07546619683
456,07968942893
456,07423751942
456,07776820848
456,07557539843
456,07956512284
456,07733191729
456,07789084483
456,07713925907
456,07791294783
456,07578345304
456,07738050968
456,07881955951
456,07515905966
456,07864030665
456,07424665615
456,07984755447
456,07476126593
456,07821328584
456,07961800792
456,07428861010
456,07440314951
456,07973523301
456,07789501790
456,07955343684
456,07450096785
456,07944100777
456,07875740460
456,07842167488
456,07919673627
456,07909510215
456,07944021205
456,07719719603
456,07780696338
456,07815506484
456,07572260639
456,07922200665
456,07772637283
456,07756376098
456,07870555009
456,07595450871
456,07935423555
456,07951902664
456,07756639294
456,07946408707
456,01162892686
456,07733332947
456,07778142893
456,07867625156
456,07934930899
456,07555203311
456,07930101127
456,07885513289
456,07946326904
456,07939834036
456,07944152422
456,07746311058
456,07462363969
456,07922091032
456,07914060317
456,07825347832
456,07741616143
456,07931696093
456,07961289389
456,07990783654
456,07875180599
456,07415327942
456,07807895675
456,07900495434
456,07445465145
456,07861763177
456,07984433025
456,07782111736
456,07449977765
456,07706822915
456,07749565031
456,07429242937
456,07930410052
456,07796640513
456,07763104836
456,07799553093
456,07475878338
456,07905626644
456,07710410796
456,07737671597
456,07447028586
456,07542812984
456,07983549813
456,07967004667
456,07596917016
456,07853185009
456,07583577418
456,07403755500
456,07838839832
456,07583875905
456,07833713383
456,07525173604
456,07554881809
456,07769502482
456,07956368724
456,07794595994
456,07813014463
456,07572312986
456,07472302723
456,07923131208
456,07552325578
456,07527231238
456,07793816956
456,04354325
456,07564755668
456,07522269354
456,07506719418
456,07895767180
456,07724737779
456,07805262265
456,07790863942
456,07787634909
456,07927779286
456,07545141718
456,07956369179
456,07525395850
456,07553108285
456,07515699352
456,07423331555
456,07712557477
456,07779962005
456,07872397407
456,07443897667
456,07849483469
456,07791947554
456,07917165414
456,07711246293
456,02028534419
456,07967045473
456,07895683652
456,07756717125
456,07415148423
456,07740352710
456,07973334467
456,07813775621
456,07866747805
456,07863819712
456,07970081092
456,07521904002
456,07854054378
456,07980836622
456,07961586310
456,07547071801
456,07935155577
456,07742395595
456,07785359752
456,07453309712
456,07864021508
456,07478250670
456,07582832338
456,07508804478
456,07947786312
456,07921461235
456,07404443375
456,07591861145
456,07810558811
456,07908830605
456,07885279064
456,07772662415
456,07716983022
456,07547721536
456,07472492451
456,07463555121
456,07511845839
456,07815581728
456,07842459336
456,07896500396
456,07807184314
456,07810102080
456,07990805447
456,07760222217
456,07890207504
456,07414482455
456,07740863017
456,07932232227
456,07746901646
456,07752868455
456,07474211289
456,07590368285
456,07969993586
456,07864625427
456,07595363850
456,07967573946
456,07830370799
456,07966395218
456,07787647233
456,07855113383
456,07432292878
456,07805255259
456,07975519546
456,07925301793
456,07584561067
456,07960299127
456,07880602694
456,07870104588
456,07538858269
456,07412671472
456,07419117703
456,07957140452
456,07909471289
456,07778192934
456,07807163860
456,07866099411
456,07575464346
456,07436013245
456,07415647188
456,07708904213
456,07967505575
456,07809667615
456,07505945022
456,07521022212
456,07748606109
456,07446108813
456,07912498877
456,07793451167
456,07739933694
456,07836370649
456,07852515299
456,07964631887
456,07843132831
456,07534500929
456,07933311136
456,07970315659
456,07553461671
456,07732814400
456,07447997153
456,07531469411
456,07771871021
456,07795247665
456,07791726127
456,07749791744
456,07766005176
456,07756644032
456,07854321523
456,07768713334
456,07971053650
456,07973311974
456,07530784183
456,07767187594
456,07909933278
456,07747090237
456,07980007858
456,07720080334
456,07429064384
456,07771329489
456,07940820133
456,07545786912
456,07521320413
456,07983617742
456,07791075959
456,07754392898
456,07553027413
456,07985334797
456,07455024453
456,07888870652
456,01214443964
456,07786987117
456,07891955402
456,07876725626
456,07585273359
456,07870104542
456,07944443516
456,07703232332
456,07801556121
456,07469204913
456,07990576506
456,07444375169
456,07949209245
456,07968822481
456,07774512857
456,07547057006
456,07946634502
456,07764272073
456,07988190150
456,07580830996
456,07961196646
456,07966232090
456,07961011990
456,07766806083
456,07766143860
456,07825151991
456,07976204060
456,07473606990
456,07534277327
456,07883303815
456,07772909866
456,07968102884
456,07767621730
456,07767345999
456,07708271193
456,07715452237
456,07833291596
456,07568338160
456,07564373832
456,07862767159
456,07805781483
456,07585227100
456,07818242021
456,07787518912
456,07787551692
456,07818110132
456,07776355680
456,07762974037
456,07855737723
456,07787428968
456,07557794349
456,07593163582
456,07710143946
456,07709756332
456,07711065038
456,07814701597
456,07539243061
456,07794777208
456,07590109844
456,07827156193
456,07813370094
456,07541985384
456,07411201067
456,07939132308
456,07894228684
456,07974789638
456,07525650968
456,07450504631
456,07444030509
456,07581264582
456,07778901211
456,07474166666
456,07879783494
456,07879192499
456,07729642355
456,07766880728
456,07768966572
456,07967659322
456,07899912023
456,07909953473
456,07919985210
456,07938060668
456,07947870923
456,07586558256
456,07909433459
456,07926387938
456,07944156910
456,07979474902
456,07572067188
456,07909112156
456,07789759458
456,07713347696
456,07487801599
456,07976655090
456,07901180752
456,07960068050
456,07732442330
456,07411165065
456,07950303403
456,07741358888
456,07805051331
456,07779949018
456,07711216547
456,07411264965
456,07714249651
456,07501939766
456,07979301485
456,07775321097
456,07575115394
456,07570528171
456,07748763378
456,07582440099
456,07960082798
456,07787407066
456,07745103256
456,07729602220
456,01785711617
456,07976786199
456,07817701972
456,07813937667
456,07800554808
456,07944531154
456,07725965065
456,07583760317
456,07762648976
456,07823351235
456,07985162967
456,07900171320
456,07581466534
456,07989677052
456,07961359452
456,07721658957
456,07974440081
456,07904178956
456,07877446669
456,07415980731
456,07977132821
456,07751771001
456,07900732454
456,0790073245
456,07918622734
456,07860455107
456,07805441636
456,07528239964
456,07756182781
456,07412417593
456,07534506850
456,07411956963
456,07968328505
456,07588725196
456,07527843449
456,07525854598
456,07450292618
456,07983978111
456,07925387025
456,07859000154
456,07463218074
456,07944604325
456,07800876671
456,07966402796
456,07446084991
456,07771871738
456,07801275638
456,07908544576
456,07512871929
456,07979504477
456,07779829992
456,07557103565
456,07523541406
456,07955793454
456,07727412442
456,07845534703
456,07531087070
456,07960500706
456,07478404837
456,07514843704
456,07961044311
456,07909584941
456,07778453474
456,07470152516
456,07534404004
456,07984197307
456,07442790658
456,07502264509
456,07897643261
456,07565496788
456,07984426657
456,07891553630
456,07889550822
456,07544389820
456,07976655107
456,07719302076
456,07745648219
456,07787012929
456,07767684290
456,07933007793
456,07538835635
456,07792537715
456,07976953175
456,07984723274
456,07724764883
456,07738919831
456,07908442634
456,07414960213
456,07411442417
456,07811530416
456,07805303414
456,07454594600
456,07703847852
456,07769257017
456,07799067557
456,07889764380
456,07738262825
456,0788976438
456,07424558708
456,07984646414
456,07546746127
456,07798604874
456,07412393733
456,07908880204
456,07917236785
456,07967449957
456,07812382042
456,07904405178
456,07570294918
456,07526097936
456,07923864422
456,07772424085
456,07845570250
456,07502848434
456,07851463385
456,07702094837
456,07958302678
456,07970883474
456,07890032282
456,07903883317
456,07786172099
456,07447040502
456,07411253218
456,07917378954
456,07502266585
456,07437080708
456,07949312812
456,07969996791
456,07587872516
456,07516456133
456,07861792078
456,07792180986
456,07528727590
456,07827018067
456,07974070744
456,07932544588
456,07778966914
456,07538680278
456,07980198914
456,07870474392
456,07873825723
456,07947355130
456,07814126448
456,07747719871
456,07956159623
456,07970351759
456,07517395249
456,07702253363
456,07743333313
456,07517301561
456,07956166674
456,07845178883
456,07796828581
456,07816599419
456,07449852147
456,07957696827
456,07984207021
456,07957978654
456,07956387487
456,07939537246
456,07443654149
456,07843177732
456,07973827978
456,07774099209
456,07845564390
456,07752736405
456,07973846650
456,07892822913
456,07918352729
456,07826899626
456,07901698373
456,07946532550
456,07805176458
456,07935828464
456,07767728768
456,07549235509
456,07762581120
456,07823929438
456,07855022562
456,07947168482
456,07585270236
456,07702863763
456,07721761039
456,07894564633
456,07450767864
456,07713172276
456,07921865410
456,07557993862
456,07570531858
456,07979233586
456,07961402267
456,07583416033
456,07974685985
456,07528010322
