468,07825353753
468,0448000000000
468,07553802289
468,07977941783
468,07716468619
468,07581878367
468,07562033206
468,07856280070
468,07748577673
468,07725913280
468,07814502921
468,07540363122
468,07866181396
468,07983149100
468,07727415189
468,07563327052
468,07941052016
468,07447077678
468,07553059256
468,07789121518
468,07985391944
468,07900896080
468,07500444380
468,07709083565
468,0mmmmmmmm
468,0448000000000
468,0+44 7971 414158
468,07980964090
468,07506362643
468,07969174731
468,07712345678
468,07552556144
468,07768946009
468,07902943693
468,007726 332606
468,07552145344
468,07825835581
468,07528552322
468,07866703197
468,07775237788
468,07828977384
468,07828977384
468,080012345754
468,07955972831
468,07779225015
468,07512285836
468,07531515588
468,07899904719
468,077766634519
468,07951065124
468,0755000000000
468,0696969
468,07985869874
468,07881239097
468,07572456278
468,0111000000000000
468,07725757957
468,07939833284
468,07810595988
468,07795233661
468,00
468,007900 517 124
468,07864372513
468,07854390291
468,07956155427
468,07414736720
468,07538819038
468,07927047520
468,07801983719
468,007769 331219
468,07866814656
468,07771727703
468,0448000000000
468,07778046195
468,07598108782
468,07549347583
468,07582748186
468,07581418128
468,07801547779
468,07977749368
468,07955991334
468,07785337888
468,07508459391
468,07565789522
468,07976266221
468,07857560789
468,07851043654
468,07510836858
468,0999
468,07964042764
468,07887401798
468,07707077075
468,07583431248
468,07981524010
468,07505009538
468,07548355070
468,07939118975
468,07795031390
468,07739508701
468,07703601141
468,07956351686
468,0010101 10101
468,07875112332
468,07570437311
468,07548089152
468,07866475136
468,07941348850
468,07813725647
468,07572336344
468,07427501020
468,07939118974
468,07553954763
468,07538538184
468,07880000000000000
468,07630287898
468,07885238171
468,07794544039
468,00
468,07769150218
468,07970693453
468,0jones
468,00207 230 1212
468,07876444876
468,07749105673
468,01245565456
468,07974763047
468,0"West Tower, Craighlaw Mansion, Kirkcowan, Newton Stewart DG80DQ"
468,07879176687
468,07771480878
468,07766682604
468,07553331453
468,07903871858
468,07786264555
468,07811486517
468,07983081945
468,07879595487
468,07811760506
468,07983731192
468,07779741445
468,07508004531
468,07957081097
468,07818574316
468,07790907954
468,07868508767
468,07887494547
468,07549878262
468,07753223624
468,07922880629
468,07553219455
468,0mccarthy
468,007932 590337
468,07807231612
468,07957886848
468,07549214443
468,07957868995
468,0&#8237;+44 7879 481677&#8236;
468,07784321350
468,07931349150
468,07508390027
468,007873 667438
468,07501283359
468,0Recipient
468,07729714918
468,07793758087
468,07969643668
468,07967014322
468,07849355380
468,07850360439
468,07748605974
468,07807828396
468,07404679149
468,07578873137
468,07429385856
468,07805805190
468,07773711065
468,0775741815
468,07525070484
468,07581204720
468,078641252225
468,07801243144
468,07866594598
468,0+44 7539 398169
468,07786666421
468,07960998115
468,07775740049
468,07966256206
468,07549349756
468,07826381094
468,07940491739
468,07783333341
468,07956887012
468,07860661766
468,07538061016
468,07904907939
468,07743797268
468,07804294861
468,07581069269
468,07506757351
468,07718888836
468,0Paisley PA2 7QA
468,07779507396
468,07501363272
468,07766765396
468,07973865662
468,0O7735045956
468,07789254188
468,07939538262
468,07543862248
468,07546302980
468,07747074027
468,07771394029
468,07525721608
468,07756187730
468,07852764370
468,007870 400257
468,01234567890
468,0448000000000
468,007782 217779
468,07871887620
468,07801516084
468,07916919813
468,07950779167
468,07889913968
468,07753682296
468,07528672418
468,07850450353
468,07583066199
468,07811543025
468,07706247038
468,0Darlington
468,07765460212
468,07908106975
468,0447000000000
468,07703760607
468,007890 164422
468,07973882814
468,07525772415
468,07908130179
468,07944677583
468,07946590770
468,07943453175
468,07587932115
468,0Franklin
468,07976170810
468,07887423586
468,07507357566
468,0rachaeldee2013@hotmail.com
468,07527325097
468,07876231990
468,07860160143
468,0786611202
468,07957585692
468,07961869164
468,07888667174
468,07710146614
468,07704780690
468,07775084622
468,07977986543
468,07572576985
468,007881 280113
468,07920425379
468,07909200341
468,07791512806
468,07769211472
468,07583380431
468,07896263502
468,07941992224
468,07879331596
468,07521827701
468,07732942893
468,07527825962
468,07900816907
468,07760974147
468,07988772723
468,07983626976
468,07580948206
468,07770725809
468,07932489969
468,07835390606
468,07557020047
468,07940211007
468,07967252248
468,07557802248
468,0781019821
468,07711083334
468,07402765756
468,07881881558
468,07809479738
468,07765328909
468,07899485502
468,07881452931
468,07931093818
468,07456601950
468,07967267922
468,07825950111
468,07412478665
468,07925155071
468,03333333333
468,0753664172
468,07594003063
468,07549634397
468,07528225325
468,07854868800
468,07401111838
468,07917952338
468,07518303528
468,07719087926
468,07442621662
468,07770899046
468,07908220494
468,07790478011
468,07508374386
468,0779340928
468,07743187611
468,07957648813
468,07412085572
468,07583175352
468,07739500064
468,07853180637
468,07855939232
468,07958357489
468,099999999999
468,07557803754
468,07594487288
468,0dont hav
468,07789125873
468,07814946629
468,07701041733
468,07805524333
468,07969297455
468,07805118342
468,07771487899
468,07579171835
468,07771221503
468,07789974103
468,007818 450441 
468,07462281125
468,07956517038
468,07531522470
468,07531216910
468,07789027423
468,07508022167
468,07877866626
468,07779185719
468,07597162137
468,07522063707
468,07950120806
468,07923231513
468,07711280689
468,07748558985
468,07896532096
468,00752129985o
468,0&#8237;+44 7876 829416&#8236;
468,07957771152
468,07751879172
468,07538879517
468,07535983259
468,07761196228
468,02088420756
468,0+44 7775 662099
468,0745000000000
468,07554358340
468,007964 065414
468,07725919272
468,07858683616
468,07974139070
468,007527 847401
468,07590595538
468,07734771490
468,07423493168
468,07766836491
468,07429536511
468,07711054911
468,07584424484
468,07771408211
468,07554419243
468,07807634344
468,07598870969
468,07748755570
468,07507235908
468,07581381100
468,07825226268
468,07939380821
468,07825000382
468,07878246246
468,07790774073
468,07848823531
468,07508633233
468,07515594666
468,07846791928
468,0Adegbite
468,07876889175
468,07766018292
468,07967344164
468,07900256698
468,07412155561
468,07507037851
468,07950813450
468,07576748904
468,07894261032
468,07740190423
468,07980003817
468,07947554619
468,07967605970
468,01234567890
468,07572678379
468,07980575288
468,07574166104
468,07771284451
468,07583020217
468,07824900065
468,07508802785
468,07957771031
468,07738262069
468,07956969271
468,07714140547
468,07745526999
468,07799639873
468,07554042599
468,07557337245
468,07939137423
468,07824411713
468,07869129871
468,007530 362558
468,07557234406
468,007917 290845
468,007766 282584
468,07933584318
468,07939380105
468,0onbbb
468,07771933076
468,07956649083
468,07712483073
468,007594 788957
468,0+44 7740 315657
468,07762939059
468,07939174548
468,07765980573
468,07957482350
468,07899877283
468,07944140988
468,07500682710
468,07740024822
468,07796910186
468,07798573312
468,07957077138
468,07833207994
468,07771906612
468,07595548313
468,07979376517
468,07960009961
468,07854122924
468,007969 677161
468,07875666365
468,007974 672713
468,07525758334
468,07766810999
468,07815780936
468,0ihfcdcbjfx
468,07748102059
468,07769656276
468,07960516711
468,07799236867
468,07711211948
468,07956027785
468,079505704749
468,07999932302
468,07734830484
468,07866407011
468,07546852164
468,07711202845
468,07518456188
468,07939559677
468,07949263656
468,07956228994
468,07799739464
468,07548113820
468,0448000000000
468,07841380720
468,07787492935
468,07813999340
468,07769656276
468,07831346762
468,07584292542
468,07733456876
468,07578442221
468,07748457425
468,07925155071
468,07790079672
468,07875736249
468,07456587229
468,07506273613
468,07584929202
468,07740003826
468,07586063184
468,07739462335
468,007985 972655
468,07736249935
468,07887255235
468,07530353321
468,07831317116
468,07738520785
468,07748370759
468,07543322440
468,07813555261
468,07789501926
468,07938774235
468,07808032487
468,07941016846
468,07726947479
468,07917273799
468,07860213333
468,00
468,07958035083
468,0448000000000
468,07527499116
468,07835420476
468,0999
468,07716828242
468,07414938292
468,07572134440
468,07794652145
468,07501831625
468,07766758255
468,007980 076355
468,0uhaveit
468,07952851994
468,07590805022
468,07793048114
468,07740310294
468,07748952549
468,07715620050
468,07572261367
468,07933691410
468,07933691410
468,07833204768
468,07980159595
468,07880704238
468,07598803221
468,07432605395
468,07766025976
468,07871347444
468,07545848101
468,07817842591
468,07749702232
468,07881754176
468,07810545592
468,07723071815
468,07783902412
468,07986798022
468,07962391146
468,07811230296
468,07725359977
468,07877335303
468,07807045952
468,07913514670
468,07902864042
468,07587755881
468,0"0000""""00000000000"""
468,07840956518
468,07872601736
468,07719793474
468,007810 293910
468,07561876144
468,07715680498
468,0999
468,07766069781
468,07594990300
468,07861789046
468,07771346864
468,07799171247
468,07886281364
468,07955200103
468,07747454543
468,07539442588
468,07907459805
468,07908700378
468,07748879332
468,07597669527
468,07786474682
468,0448000000000
468,03482
468,07763695260
468,07740349625
468,07974546746
468,07971193052
468,07598292518
468,07426999268
468,0I 
468,07740277779
468,00
468,07989153342
468,07427613205
468,07572685480
468,07920161558
468,0780987564
468,07966232212
468,07977711049
468,07825411492
468,07588787838
468,07799450383
468,07534557452
468,07763207716
468,07403573748
468,07536113117
468,07535364808
468,07956428476
468,07766652265
468,07547847162
468,07752150751
468,07768294561
468,07786810301
468,07912560547
468,07708858996
468,07541418936
468,07554748130
468,07940065107
468,07582600105
468,07966136436
468,007532 148371
468,07411771473
468,07776477551
468,07977637663
468,07711296472
468,07427671626
468,07931279206
468,07889199540
468,07510072888
468,07432786313
468,07977973409
468,07522
468,07771207380
468,07513034768
468,07956386896
468,07979863978
468,07561100449
468,07956845571
468,07956988593
468,07854847274
468,07900211329
468,07775458898
468,07956743158
468,07580604482
468,07939386913
468,07771154740
468,07931928565
468,07551270089
468,07858758908
468,07522844466
468,07432472103
468,07907420910
468,07956903508
468,07742718238
468,07930524720
468,08799556789
468,0ol5 9jt
468,0752794858
468,07968045031
468,07563354383
468,07766143860
468,07716195261
468,07798748756
468,07950850674
468,07733478000
468,07552366190
468,07900883339
468,07904566058
468,07748194314
468,07531954324
468,07757305082
468,07939301488
468,07799327541
468,07740048755
468,07527968587
468,07707651849
468,07968232212
468,07949993131
468,0077 48 609905 
468,07564271155
468,07748194314
468,07901813393
468,07801307757
468,07856290451
468,07778981559
468,07980616537
468,007584 098216
468,007974 370181
468,07748922112
468,07900736220
468,07958007341
468,07811470278
468,07976768477
468,0795772387
468,07976103064
468,07578922262
468,0Kelali
468,07546507058
468,07725856695
468,07856290451
468,07553425125
468,07775647433
468,07876613408
468,07761251995
468,07956946866
468,07731307668
468,007983 567811
468,07538502595
468,007513 571156
468,07709650826
468,07709033585
468,07896624649
468,07429524553
468,07583184072
468,07827916979
468,07580903129
468,07413772868
468,07835989178
468,02380436802
468,07971460493
468,07763722129
468,07581292542
468,07860194613
468,07983784878
468,07900883339
468,007848 569214
468,07895546391
468,07932344291
468,07903293068
468,07889694079
468,07977973409
468,07930884235
468,07931041139
468,07807153738
468,07510096222
468,07500720660
468,07910435687
468,07738045388
468,07738324244
468,07770914444
468,07766068791
468,07928021426
468,07591483494
468,07840884264
468,07979680954
468,07779544973
468,07717744601
468,07946640999
468,00776 6963704
468,07572261367
468,07810365281
468,07875159491
468,07989057087
468,07547641558
468,07855888777
468,07551820097
468,0774891264
468,07539176049
468,07729642355
468,0079&6765087
468,07939239242
468,07747868740
468,07729588714
468,07543579431
468,07748386807
468,07586096426
468,07553512181
468,07917483698
468,07961250386
468,07944480760
468,0Angelika Gorb
468,07548357020
468,07760362507
468,07980336452
468,040752850948
468,07581188168
468,07448629234
468,007939 173944
468,07792225917
468,07810681460
468,07768585109
468,07789015639
468,07809729404
468,07774938326
468,07552224065
468,07787397996
468,07596366300
468,07971226200
468,07732429270
468,01234567890
468,01304217271
468,07790160742
468,07546540337
468,07776005598
468,07790627091
468,07522260105
468,07989667680
468,07955231538
468,07412269570
468,07884153785
468,07917973624
468,07791307568
468,0077 61321?564
468,07447460297
468,07922330842
468,07958412878
468,07810527753
468,07413222858
468,07513593097
468,07966267181
468,07919006326
468,07809887283
468,07
468,07922589544
468,07808064130
468,07515859543
468,07000000000
468,07781933719
468,07725907007
468,07799675577
468,07825730352
468,07878566665
468,07745642421
468,07515816318
468,07795320498
468,07654365244
468,07766632531
468,007808 283213
468,07746960676
468,07709770919
468,007835 833840
468,07763176000
468,07500957871
468,07807277245
468,07961096144
468,07900118598
468,07954333229
468,0fuck off
468,07746096268
468,07821150636
468,07885972520
468,07590621606
468,07849220441
468,07588677978
468,07779329463
468,07848421456
468,07766404518
468,07930730576
468,07411769348
468,07767740375
468,07514730422
468,07950226337
468,07919462801
468,07725877258
468,07847463921
468,078532567
468,07930116356
468,07783206330
468,07939479850
468,07885247550
468,074591088622
468,07802346155
468,09876543210
468,07927353268
468,07411305786
468,07725534360
468,0448000000000
468,076532456546
468,07748785634
468,0448000000000
468,07949175421
468,07931238914
468,07584551900
468,07792216706
468,07912972954
468,00
468,07825540418
468,07961131683
468,07515828057
468,07515673283
468,07841487486
468,07809234330
468,07902036645
468,07525645644
468,07565918955
468,0800102030
468,07949943536
468,07414749175
468,07939964602
468,07878130058
468,07432139428
468,07849737944
468,07777222333
468,07533594954
468,07923336186
468,075172099
468,07950480636
468,07510589911
468,07958150094
468,07968134391
468,0214
468,07707660333
468,07412076512
468,0759096407
468,07971609303
468,07855124477
468,07971010238
468,07413436400
468,07961373156
468,07549936986
468,07758617752
468,07791519374
468,07999587533
468,07903040501
468,07879470946
468,07525161435
468,07525946864
468,07515663516
468,07729222706
468,07516366508
468,07908558343
468,07440260165
468,07595740067
468,07811191693
468,07957136503
468,07795360769
468,07827585579
468,07756361829
468,07548358000
468,07746126624
468,07752362444
468,07989989079
468,00
468,07966874417
468,07825429152
468,07984936385
468,07745291125
468,060378858925
468,07949642184
468,07780663495
468,07725646566
468,07807897879
468,07717001822
468,07511947467
468,07507770324
468,07702425672
468,07510987008
468,07411080900
468,07799420256
468,07799420256
468,07762535906
468,07570320701
468,07748211001
468,07814911530
468,0448000000000
468,07545982182
468,007777 777788
468,07973438534
468,07746761282
468,07500776735
468,07719077321
468,07576194086
468,07754685489
468,07834192057
468,07983715137
468,07818052426
468,007912 292055
468,07519590037
468,07951804599
468,07989770028
468,007835 126535
468,07759636221
468,07563388213
468,07932829638
468,07801816954
468,07810488566
468,07801307751
468,07566782344
468,07889123615
468,07539659020
468,07884150448
468,07518510853
468,07900258529
468,07872992683
468,07754262326
468,07429923017
468,07815647520
468,0448000000000
468,07650875421
468,07963056041
468,07867513996
468,07545707394
468,07516506822
468,07711202845
468,07449031682
468,07710383044
468,007525829550 2 
468,07412254532
468,07586029380
468,07869145253
468,07884779547
468,0203832
468,0203832
468,07725740429
468,07725740429
468,0771504750
468,07531830193
468,0447000000000
468,07508253457
468,07845733361
468,07786554836
468,07549390796
468,07933909440
468,07725792894
468,07984511124
468,01890987644
468,07708079151
468,07437488493
468,07593077576
468,07904285785
468,0448000000000
468,07779356966
468,07469197413
468,007794 614038
468,07521266516
468,07731813425
468,07754540917
468,00800 go fuck yourself
468,07990017303
468,07867031863
468,07598805659
468,07427650982
468,07776431800
468,07428617284
468,07941674751
468,07446010841
468,07506043182
468,07901650811
468,07803459197
468,07973828478
468,07805151503
468,07917563119
468,07712293845
468,07468511561
468,07514464048
468,07590057820
468,0fuck you
468,07423815348
468,07774867503
468,07527290586
468,07990573677
468,07774532711
468,07934953132
468,07584789692
468,07756537165
468,07939936660
468,07584306066
468,077114897
468,07876634620
468,07868756419
468,07868756419
468,07540613923
468,07879635596
468,07891231865
468,07902587819
468,07432532060
468,07968314005
468,07817402564
468,07816485055
468,07710436485
468,07831520810
468,07999518237
468,07816482441
468,07721543771
468,07880890502
468,07864553212
468,07769539838
468,07846790870
468,07477205676
468,007936 888 025
468,07860256853
468,07740336830
468,07759202700
468,07936052931
468,07817249262
468,07876823361
468,07889924903
468,07850693010
468,07479645249
468,07885175307
468,07502743622
468,07707549845
468,007565 731902
468,07920027546
468,07746509010
468,0+44 7951 178087
468,07951094414
468,07415811242
468,07956670237
468,07017133454
468,007544 801221
468,07523177154
468,078432132134
468,07786654336
468,07982818534
468,07950351765
468,07415167842
468,07938366396
468,07437573177
468,07463761557
468,07921762730
468,07949774171
468,077472905505
468,07415989552
468,07562862903
468,07957344629
468,07791219299
468,07970634474
468,07423517254
468,07938020864
468,07947185195
468,07928744251
468,07932584379
468,07766804537
468,07860911695
468,07733302640
468,07480794557
468,00790 456 6789
468,07539189122
468,07415253942
468,07557302276
468,07533814869
468,07889034318
468,07787806084
468,07487702469
468,07825005926
468,07450188413
468,07879685464
468,07874784932
468,07763933442
468,07506686677
468,07786980247
468,0ooooo
468,07443496211
468,0778000000000
468,07894919280
468,07717790212
468,07478244558
468,07976710044
468,07435597838
468,07738061624
468,07707885246
468,07710898364
468,07535845795
468,07903125545
468,07480794557
468,07732139122
468,07956075174
468,07789748904
468,07749188689
468,07506047590
468,0Fuck you
468,07786476365
468,07835297477
468,07962366034
468,07568333683
468,07850039256
468,07874601586
468,07415999986
468,07820000000000
468,07879265558
468,06973826321
468,07534898176
468,07746413700
468,07806695211
468,07792871974
468,07415660500
468,07831520810
468,07884337168
468,07749986944
468,07507407220
468,07932959739
468,07824466513
468,07950593712
468,07854003828
468,07535865275
468,07984880888
468,07543597096
468,07574266117
468,07977595374
468,07752823725
468,07831400301
468,07854770181
468,07468425340
468,07769773123
468,07940306497
468,07720884515
468,07713148681
468,07872653215
468,07824389415
468,007966 061935
468,07590826342
468,07947255314
468,07868125234
468,07947610746
468,07913327838
468,07738998247
468,07593895408
468,0779999444
468,07815989393
468,07713177401
468,007999 123 456
468,077760877686
468,07707731973
468,07925397395
468,01424461479
468,07858186053
468,07968791719
468,07967452886
468,07956398530
468,07791528517
468,0766882144
468,07783278046
468,07533856618
468,07517200667
468,07786933530
468,07088830091
468,07766657180
468,07904195347
468,07932362113
468,07596280372
468,07411450765
468,07946633386
468,07095124019
468,07808766915
468,07929216372
468,07707486209
468,007876 401252
468,07886963538
468,07535161149
468,07963816321
468,07957422615
468,08727638245
468,07843197335
468,00
468,07920065215
468,07932565288
468,07562879241
468,07720745337
468,07745357298
468,07568068254
468,07949555915
468,07955421807
468,07849325868
468,07435432222
468,07919237568
468,07578813388
468,07742416510
468,0448000000000
468,07455097032
468,07904885031
468,07786429822
468,07598606709
468,07513590586
468,07944823109
468,07506723690
468,07752661947
468,07875641606
468,07958384258
468,07814479020
468,07434716212
468,07799715175
468,07535295858
468,07960148126
468,07583040145
468,07939968985
468,07799994444
468,077765123223
468,0Robert Paul Kettlety
468,07968281121
468,07825771712
468,07884063594
468,07882771442
468,07956168061
468,07788535627
468,07896624487
468,0773824112
468,07950709051
468,07743394342
468,07526404604
468,07884758200
468,016196307162
468,07435236237
468,07531341688
468,07538862299
468,07548498194
468,07830536753
468,07925525641
468,07917454445
468,07975850134
468,07568356462
468,07744565657
468,07468433740
468,07732176279
468,07593147470
468,07767656018
468,07586686148
468,07920179133
468,07519677117
468,07776352317
468,07776352317
468,007948 570288
468,07948500427
468,07539354734
468,01512874987
468,07746138730
468,07549779747
468,075411988763
468,07901023577
468,07858978374
468,07840425567
468,07917825863
468,07551483949
468,07535504016
468,07944665464
468,07891234425
468,07773242608
468,07964052723
468,06922576874
468,07476615598
468,07723410259
468,0Murphy
468,07788299684
468,07931024105
468,07947711474
468,07934727319
468,07977668012
468,07776187291
468,07424104217
468,07714693625
468,07934895498
468,07556980418
468,00800gofuckyoirself
468,07958582498
468,07738678203
468,07729526535
468,07462106476
468,0448000000000
468,07478873707
468,07984280289
468,07984566501
468,07463591988
468,07572613040
468,07817584007
468,07712119909
468,07462599264
468,07910811557
468,07462058118
468,07882985939
468,07761077333
468,07722109291
468,07913350414
468,07810273110
468,07593391498
468,07437534540
468,07423729250
468,07446234043
468,07550587632
468,07841349930
468,07438626378
468,07411417286
468,07501468222
468,07455955142
468,07563579617
468,07429246838
468,07538799085
468,07598934410
468,07761283128
468,07549481727
468,07857661786
468,07477610929
468,07523361265
468,07432508705
468,07909270030
468,07472777574
468,01227450118
468,07917702264
468,07933336187
468,07922128316
468,07703459105
468,07702874530
468,07792876544
468,07949463457
468,07856079904
468,09897563343
468,007738 013245
468,07460375707
468,07477604290
468,07762989486
468,07813456438
468,07891071187
468,07432832514
468,07864002837
468,07909337855
468,07412629589
468,07718083829
468,07557911265
468,07769517404
468,07769517404
468,07440291255
468,07878435134
468,07581370060
468,07930711549
468,07462006220
468,07707819342
468,07923942813
468,07985026202
468,07881664793
468,07720854355
468,07868968853
468,07983120755
468,07442654564
468,07588332303
468,07564866790
468,07940079961
468,07453844544
468,07502932934
468,07833137646
468,07447003017
468,07527732032
468,07773680013
468,07907390900
468,07905259040
468,07585548658
468,07514427402
468,07585381117
468,07799500217
468,0+44 7462 936522
468,07443596780
468,07473915688
468,07594667829
468,07438606210
468,07863402399
468,07591580524
468,07458565255
468,07927414776
468,07909127574
468,07460978368
468,07904336875
468,001234 567 890
468,07713115604
468,07512230882
468,07788258452
468,07401825529
468,07793167854
468,07437407213
468,0448000000000
468,07984352582
468,07783527561
468,07757811157
468,07438957606
468,07468434653
468,07502186138
468,07440397516
468,07588556888
468,07794565643
468,07956313667
468,07767421923
468,07910488918
468,07448604103
468,07780662749
468,07731380157
468,07731312127
468,07855657913
468,07583790491
468,07887663102
468,07706197036
468,07720296026
468,07707725023
468,07577454132
468,07737833576
468,07854471005
468,07552239075
468,07404398040
468,07502276597
468,07783050959
468,07756934935
468,07927882605
468,001761 436787
468,07438229084
468,07598760663
468,07474262020
468,07463735083
468,07872456542
468,07971030938
468,07828077512
468,07929226359
468,07541085518
468,07796431411
468,07463163588
468,07738689706
468,07477967886
468,07512333460
468,07446137720
468,07743663513
468,00
468,07910107119
468,07460591754
468,07951810980
468,07554147834
468,07746422271
468,07449486258
468,07928951610
468,07434245873
468,07448014430
468,07428596762
468,07708919073
468,07814002454
468,07527930074
468,07958510628
468,07950729317
468,07463982116
468,07766491763
468,07565353462
468,07866992423
468,07718483302
468,07527919799
468,07474385753
468,07546846822
468,07903484375
468,07449154984
468,07449154984
468,07949860139
468,06309831678
468,07455963954
468,07736567200
468,07842003717
468,07983159367
468,07506006532
468,07761061868
468,07765643516
468,07593943567
468,07948566062
468,07873846009
468,0741548875
468,07535216226
468,0836607992
468,07598881949
468,07912252031
468,07831919736
468,07982502019
468,07423404498
468,07786325269
468,07729609172
468,07733846432
468,07956740253
468,07419344102
468,07737889783
468,07811997383
468,07718496977
468,07811378437
468,07918575771
468,07984016201
468,07824662359
468,07404178448
468,07550548085
468,07451941300
468,07881751756
468,07949861536
468,07516348531
468,07814394357
468,07982681426
468,075010870334
468,01
468,07551822396
468,07985633244
468,07833254305
468,07913105986
468,07593943567
468,07906534493
468,07517717751
468,07901840045
468,07766853590
468,07411307852
468,07414901067
468,07977225029
468,07877377371
468,007939 080510
468,07548449716
468,07983075493
468,07462786046
468,07881365573
468,07881365573
468,07746512473
468,07511922896
468,07553058035
468,07956784814
468,07557906053
468,07597955730
468,01752313394
468,07790149191
468,07544943400
468,07984745105
468,07572770095
468,07982121264
468,07975567698
468,07730032769
468,07449997822
468,07598701749
468,07984328438
468,07742712729
468,07961726944
468,07474461568
468,07722438752
468,0Ralphs
468,07450262695
468,0447000000000
468,07425700416
468,07468582532
468,07885674473
468,07938239487
468,0778551864
468,07891110789
468,07979183083
468,07803741136
468,07843566
468,07549665904
468,07983796065
468,07826333914
468,0ex directory not for nosey bastards
468,07825468962
468,07941034604
468,07794320318
468,07816029337
468,07544791699
468,07785105852
468,07801088777
468,07598484471
468,07969279259
468,07842155941
468,00
468,07784055925
468,0Brown
468,0777928174
468,07583009554
468,07863828037
468,07534342468
468,07923816789
468,07539423615
468,07774668798
468,07827813277
468,07768200378
468,07719259501
468,07505171755
468,07780848776
468,07562073717
468,07888776655
468,07758296688
468,07730334069
468,0077092707/0
468,07947080997
468,07734875396
468,07554880823
468,07947739013
468,07909092710
468,07432095953
468,07432095953
468,07413852149
468,07709038335
468,07572797711
468,07446177270
468,07809994599
468,07505560547
468,07404550117
468,07722596210
468,07928868258
468,07866036104
468,07506929802
468,07788538905
468,07796456304
468,0999
468,07538774528
468,07851795850
468,01761419585
468,07895722403
468,07929324065
468,07460351055
468,07786816093
468,07914021467
468,07873132208
468,07810474545
468,07825046970
468,07756132732
468,07557648763
468,07908836454
468,07514241176
468,07511725405
468,0448000000000
468,07985674836
468,07411125011
468,07789644532
468,007477 389927
468,07703964500
468,07942774472
468,07455815205
468,07472731577
468,07584572087
468,07795192429
468,0448000000000
468,07734360152
468,07450654852
468,07711027675
468,07956756657
468,07854098765
468,07517353502
468,07704567159
468,07403333055
468,07721997021
468,07765292635
468,07805156939
468,07724696566
468,07828202939
468,07817170308
468,075776882123
468,07769943701
468,07913822280
468,07920224906
468,07584086040
468,07756844487
468,07956759648
468,07949343765
468,07478275296
468,07814588525
468,07802885954
468,07827783139
468,07850451260
468,07506578273
468,0760654321
468,07851259380
468,07842184699
468,07763871008
468,07975577658
468,07948528966
468,07544967515
468,07950927321
468,07970322852
468,07731558985
468,0441000000000
468,07534393020
468,0448000000000
468,07415022002
468,07752178619
468,07
468,07780448270
468,07538682603
468,07742526182
468,07467260736
468,07948555358
468,0447000000000
468,07534170591
468,07938560505
468,07519269970
468,07931662523
468,07730043346
468,07870332177
468,07587721776
468,07900509582
468,07870997499
468,07898765467
468,07765432109
468,07593571713
468,07428185754
468,07729341689
468,077755668888
468,07507890841
468,07769733155
468,07900050778
468,07919382792
468,01907558927
468,07561802695
468,007904 289235
468,07460967158
468,07860830545
468,07780666361
468,07746905797
468,07403380300
468,07450517206
468,07522924876
468,07803274802
468,07827696957
468,07783793539
468,07411049019
468,07473334333
468,07765426937
468,07976252315
468,07946312283
468,07477665827
468,07541123305
468,07903561183
468,07757142701
468,07717332536
468,07415384313
468,07541030543
468,07557262569
468,0448000000000
468,07902657121
468,07930586298
468,07899284345
468,07438837863
468,07807795196
468,07440524340
468,07803295797
468,07963458963
468,07963458963
468,07169807909
468,07749481493
468,07749481493
468,07749481493
468,07743107489
468,07517089435
468,07856204984
468,07889924966
468,07722108338
468,07759270548
468,01782510760
468,07939806931
468,07968866472
468,07474033020
468,07510832777
468,07773663569
468,07703673274
468,0999
468,07872184009
468,07449835816
468,07908986225
468,07508305028
468,07511522936
468,07804570125
468,07463592841
468,07437327561
468,07837633418
468,07530731065
468,0079393$2080
468,07983102857
468,07762874024
468,07455158793
468,07512599696
468,07475140334
468,07746331096
468,01230000000000
468,07453957992
468,07562472669
468,07746795480
468,07562472669
468,07739372642
468,07472467777
468,07707826878
468,07591411015
468,07648600637
468,07815617774
468,07583366875
468,07915118013
468,07947347329
468,07826848737
468,07432150591
468,07831517060
468,07965430729
468,07546787654
468,07925042723
468,07775836521
468,07702456875
468,07963558984
468,07717622760
468,07886734395
468,07840377780
468,07432627853
468,07591284837
468,07446323473
468,07460444409
468,07507642838
468,055456655774
468,07799891081
468,07946277552
468,07768968029
468,07795817133
468,07968826881
468,07720298740
468,07718795210
468,007963 596803
468,041 alliston gardens semilong northampton nn2 6dt
468,07539560713
468,07597922282
468,07747658766
468,0Halifax 
468,07880493723
468,07825970456
468,07546895397
468,07907006168
468,07437600004
468,07919447744
468,01278322250
468,07521
468,07870822839
468,07895783384
468,07717362468
468,07463290227
468,07800990157
468,07956670875
468,07732287824
468,07938897634
468,0448000000000
468,07434051595
468,0448000000000
468,07842431097
468,07510558012
468,07592633136
468,07932580744
468,0fucker
468,07766762098
468,07476600824
468,07521819634
468,07708348902
468,07785615351
468,07503317615
468,0448000000000
468,07841425908
468,07503519921
468,07783854294
468,07541604435
468,07820180234
468,07990547284
468,0Hutchinson
468,07402561116
468,07877798641
468,07020426419
468,07703150486
468,07904245212
468,07744556674
468,080808080
468,07870149824
468,07785568476
468,07749954239
468,07473620568
468,07564665894
468,07935293997
468,07946222969
468,0448000000000
468,07511431193
468,07594006249
468,07572411696
468,00
468,07565283808
468,07783394775
468,07760416879
468,07454315141
468,0448000000000
468,07415993606
468,07909597812
468,07944915073
468,07864789069
468,07972962269
468,07923026830
468,07818569586
468,07434119238
468,07711097800
468,07969646822
468,07835849754
468,07780452504
468,07784745325
468,07861370808
468,07756799626
468,07955653466
468,07404916307
468,07724785958
468,07917152050
468,07716020627
468,07947601210
468,007544 099446
468,07867428338
468,07546451608
468,07508561884
468,07859430830
468,07830102262
468,07856255265
468,07546878587
468,07591233425
468,07584020770
468,07858975615
468,07847617833
468,07825276912
468,07846876710
468,07702084821
468,07806377362
468,07449922052
468,07961561302
468,07949478703
468,07932610459
468,07514864457
468,07930524720
468,07883028954
468,07930323179
468,07899636246
468,07789282099
468,07463315525
468,07761155098
468,07980458788
468,07780902618
468,07970767936
468,07587755002
468,07933078625
468,07817387936
468,07897160598
468,007947 056782
468,07908974836
468,07904045921
468,07766421923
468,07904186199
468,07531033428
468,07878762757
468,07714179421
468,07837881967
468,07745249215
468,07477651393
468,07553921608
468,07455010851
468,07454017496
468,07472154500
468,07778751856
468,07906832334
468,07720750904
468,07729354187
468,0+44 7478 709981
468,07730040488
468,07592857219
468,07811343045
468,07761509527
468,07535491653
468,07767130414
468,07537176724
468,07530285660
468,07539295972
468,07706166500
468,07437188779
468,07517799102
468,07889663506
468,07787657295
468,07591981964
468,07442190247
468,07946277552
468,07949067295
468,07866125261
468,0448000000000
468,07538687974
468,07518922609
468,07851819263
468,07920488
468,07918248907
468,07826823052
468,07835646270
468,07971897816
468,07734464887
468,07950227472
468,07973575841
468,07887852304
468,07852273931
468,07730582057
468,07730582057
468,07739096056
468,07794189180
468,07763197237
468,07342665498
468,07477069606
468,07890221232
468,07582687416
468,07884154902
468,0Fuck off
468,07432519671
468,07445704403
468,07473733506
468,07446129369
468,07972046430
468,07475561221
468,07402205725
468,07446080027
468,0Your number
468,07447443418
468,07476195001
468,07411875320
468,07449709064
468,07909865760
468,07514016477
468,07477679528
468,02036022828
468,07508554160
468,07518749666
468,07474960994
468,07453030706
468,07513752296
468,07507999919
468,07507650015
468,07447056338
468,07429272486
468,07475037415
468,07454333475
468,07500172736
468,07515484286
468,07513966721
468,07514743989
468,07411998325
468,0447000000000
468,07514289731
468,07446363138
468,07447078336
468,01612779060
468,07455189984
468,07449018133
468,07508899062
468,07447109068
468,07510435650
468,07507555886
468,07474036450
468,07415530338
468,07450207409
468,07450775919
468,07411534844
468,07415493531
468,07445842621
468,07411406080
468,07473946419
468,074400663880
468,07448062045
468,07474141859
468,07428779407
468,07449075628
468,07516166317
468,07514607337
468,07445674006
468,07445933432
468,07475110150
468,07512017650
468,07500147773
468,07432656426
468,01785601819
468,0447000000000
468,07477699501
468,07447631154
468,07403521300
468,07454022482
468,07858532166
468,07412292110
468,007415 517123
468,07501785833
468,07415107163
468,07717822322
468,07475788834
468,007402 121212
468,07514406753
468,07403331616
468,07448873501
468,07463767051
468,07475724279
468,07402999929
468,07515533880
468,07415418622
468,07432647853
468,07449192240
468,07472265793
468,07446133396
468,07510441807
468,07442625453
468,07453612226
468,07445223964
468,07507797087
468,07415677095
468,07428713409
468,07445465145
468,07455158793
468,07424580364
468,07450599696
468,0741541817
468,07443156686
468,07450361141
468,07411015512
468,07474325561
468,07415218024
468,07468423070
468,07896756432
468,079411199225
468,07506472576
468,07446239855
468,07515686268
468,07411336809
468,07446839414
468,07415223262
468,07413897469
468,07442918362
468,07472344338
468,07415887526
468,07505338867
468,07432521318
468,07429569189
468,07445226445
468,07476991364
468,07476986079
468,07445808744
468,07429629668
468,07424644355
468,07411322497
468,0448000000000
468,07507544932
468,07411088811
468,07500516305
468,07500075023
468,07419926081
468,07463540505
468,07506202445
468,07437011126
468,07423739900
468,07454202240
468,07508348235
468,07447206668
468,07428740000
468,07882932207
468,07473515166
468,07510899807
468,07424504005
468,07476333547
468,07425303241
468,07478320915
468,07429837684
468,0Anderson
468,07443995401
468,07529950708
468,07449787182
468,07474205105
468,07445239661
468,07506564135
468,07472465667
468,0747
468,079454535737
468,007981 583724
468,074299788888
468,07474085759
468,07414886652
468,07785269651
468,07437494848
468,0700000999
468,07506643439
468,07861111422
468,07475438457
468,07459839154
468,07448136654
468,07512878398
468,07457178598
468,07476600824
468,07466005144
468,07449941369
468,07460699962
468,07474303958
468,07449913068
468,07513454885
468,0543567788
468,07478249283
468,07425793336
468,07511926212
468,07425133878
468,07476588361
468,07515170851
468,07507754320
468,01484632478
468,07455560056
468,07443932625
468,07403179007
468,07426058616
468,07500663272
468,07429290748
468,07400990253
468,07473852684
468,0Fuck you
468,07473879964
468,07508764869
468,07476295780
468,07448558324
468,07445270787
468,07502141171
468,0448000000000
468,07448459611
468,07449566318
468,07432284898
468,07456607468
468,07454992359
468,07437498870
468,02083721888
468,07507505984
468,07428366565
468,07500888675
468,07476494708
468,07450836891
468,07429357227
468,0o7438788980
468,07741707638
468,07736341675
468,07463798067
468,07434738902
468,07475453525
468,07448489887
468,0kawazakipillion1993@gmail
468,0kawasakipillion1993@gmail.com
468,07446897660
468,07474152215
468,07474152215
468,07423514482
468,07454554457
468,07438104377
468,07513911971
468,07415100829
468,07435591924
468,00740 7047019
468,01604317014
468,0754835575
468,0447000000000
468,07760839010
468,07840978828
468,07411556066
468,07411255333
468,07896639131
468,07429545837
468,07943584024
468,07507935608
468,07447660247
468,07455992888
468,0Gil
468,07429291173
468,07949675693
468,07506447717
468,07476906293
468,07504610183
468,07455131631
468,07473604300
468,07473901103
468,07456518795
468,07414765899
468,07472292513
468,07459330660
468,00
468,07587755002
468,07516211422
468,07885513289
468,07465243327
468,07506613932
468,07405213441
468,07814032441
468,07476570854
468,07842658163
468,07436012939
468,07415269109
468,0745506607
468,07403939689
468,07411518403
468,07500635940
468,07453718333
468,07456632069
468,07404707696
468,07460691776
468,07450918355
468,0447000000000
468,07463161767
468,07463161767
468,071111111111
468,07460557623
468,07511844908
468,07462890735
468,07674715851
468,07951754539
468,07930038135
468,07429496862
468,07450534520
468,07455774849
468,007468 433740
468,07477978803
468,07462911194
468,07975562084
468,07799534341
468,07463173170
468,07429615299
468,07951820577
468,07955921439
468,07939248866
468,007468 588659
468,07908842523
468,07916801589
468,07948133182
468,07904835755
468,07904290294
468,07472358700
468,07434364847
468,07527619471
468,07427606123
468,07462363969
468,07435885090
468,07534313432
468,07539649044
468,07462484791
468,07462002324
468,07460857286
468,07902676179
468,0448000000000
468,07941660481
468,07765453180
468,07975571019
468,07999632711
468,07977208064
468,07901926889
468,07787700147
468,07904790190
468,07931358411
468,07981022119
468,07459066355
468,07976304887
468,07500666406
468,07914756976
468,07914248628
468,07904955844
468,007944470!54
468,07950173729
468,07984593300
468,07111111111
468,07456937340
468,07923179068
468,07908410040
468,07971913132
468,07963584168
468,0.
468,07962705550
468,07914672182
468,07462290758
468,07986229940
468,07948571652
468,07869116875
468,07925972762
468,07967874758
468,07926046974
468,07952515981
468,07463456819
468,07936339639
468,07939262594
468,07934930899
468,07964693305
468,07410474644
468,07935906065
468,07411375764
468,07946671757
468,07960288596
468,07402000077
468,07947216320
468,07960297444
468,07472290137
468,07450314661
468,07908466568
468,07951639379
468,07913329593
468,07511373051
468,07908466569
468,07500958863
468,07428655301
468,07914045772
468,07437018990
468,07437027739
468,07972231765
468,07976732809
468,07894546743
468,01215373359
468,07999666999
468,07927398790
468,07902691958
468,07957454369
468,07463806336
468,07958147493
468,07478252962
468,074111267723
468,07983420070
468,07984085691
468,07943513181
468,07956757140
468,07932243404
468,07967420151
468,07923593507
468,0999
468,07999924121
468,07456441214
468,07957220745
468,07919926911
468,07969766963
468,07511410811
468,07926009220
468,07870355513
468,07949232818
468,07983298201
468,07983923052
468,07960209374
468,07982902103
468,07909018510
468,07449053199
468,07474333726
468,07658635756
468,07404608579
468,07966789366
468,07984265735
468,07927286734
468,07946847842
468,0448000000000
468,07950498081
468,07951680244
468,07961517293
468,07951762468
468,07977245066
468,07963585165
468,007938 185421
468,09099999999
468,07958187060
468,07940204061
468,077789645
468,07933983313
468,07969896370
468,07949337551
468,07968907672
468,07970277747
468,07914060317
468,07961930163
468,07960174927
468,07432677052
468,07940431364
468,07448673211
468,07974273505
468,07935933449
468,07965747463
468,07960291147
468,07984475724
468,0448000000000
468,07468566742
468,07468320176
468,07950751164
468,07939840872
468,07946350882
468,07922197546
468,07449846584
468,07450655577
468,07949412136
468,07930491619
468,07786351899
468,07931273158
468,0448000000000
468,07931168521
468,07928017665
468,07984735972
468,07961492731
468,07949933463
468,07903077470
468,07050351765
468,07960652765
468,07946659821
468,07990012011
468,07132435628
468,07915642743
468,07954202117
468,07984421774
468,0448000000000
468,07974758758
468,07909913641
468,07990435792
468,007946 521925
468,07989624353
468,0448000000000
468,07926348194
468,07782189653
468,07971528849
468,07944990022
468,07972054212
468,07921934195
468,07982837393
468,07939375833
468,07943465672
468,07985451541
468,07926988498
468,07974491543
468,07900381137
468,07954028609
468,07968393118
468,07939732380
468,07952059411
468,07958772113
468,099999999999
468,07400717979
468,07914868540
468,07946309631
468,07966843094
468,07927626648
468,07975682227
468,07423651928
468,07956044203
468,07904469499
468,07982613652
468,07905340384
468,007904 458 138 
468,07429459921
468,00
468,07913015018
468,07967810414
468,07914377513
468,07473570706
468,07961494464
468,07943685067
468,07971552185
468,07949056954
468,07403639674
468,07956162808
468,07967597166
468,07979507811
468,007943 884084
468,07990535101
468,07780450842
468,07900364117
468,07985312283
468,07980551165
468,07522660121
468,07972402367
468,07930374520
468,07424727492
468,00121 Do one
468,07833251593
468,07757704159
468,07546286908
468,07971505276
468,07745380707
468,07974900355
468,07958170917
468,07763715686
468,07908046261
468,07922576874
468,0448000000000
468,0448000000000
468,07814069194
468,07908058242
468,07950178714
468,0448000000000
468,07960326144
468,07438316006
468,007990 593812
468,07774792218
468,07765761583
468,07975693475
468,07974340899
468,07944289194
468,07904611299
468,07936581869
468,07538600709
468,07895442895
468,07950254746
468,07934579202
468,07950875323
468,02085430455
468,07990830374
468,07904888170
468,07516701123
468,07985235386
468,07940563165
468,07968837640
468,0448000000000
468,07882750946
468,07961386151
468,07967788678
468,07970111604
468,07512004250
468,07964685141
468,07949395941
468,07890522747
468,07708824826
468,07916492968
468,07908706571
468,0448000000000
468,07891441258
468,07940326424
468,07984001827
468,07990829387
468,07083643501
468,07961601886
468,07946794568
468,07918101730
468,07718142811
468,07876693356
468,07944178039
468,07896300433
468,07933890654
468,0447000000000
468,07927112497
468,07960010471
468,07941414164
468,07982149132
468,07985604203
468,07866829309
468,07897424126
468,07980086145
468,07500008531
468,07956809622
468,07951259636
468,07798782383
468,07746823289
468,07968622599
468,07929270936
468,07598912586
468,02890721103
468,07932316256
468,07925314290
468,07505952771
468,07957681417
468,07942881951
468,07778929722
468,07438424128
468,07901351134
468,07902648187
468,07809136359
468,07956051965
468,07919102084
468,07923813504
468,07946521397
468,07969218616
468,07949261150
468,007967 922768 
468,07855353365
468,07912302597
468,07961884749
468,07931722984
468,07944479369
468,07931817159
468,07512332448
468,07955712726
468,0You have it
468,07984610390
468,0Gzhchgd
468,07919694703
468,07980887777
468,0447000000000
468,07940399253
468,0Obsekebdkb
468,07956041881
468,07808206688
468,07920556417
468,07950927895
468,0448000000000
468,07460050080
468,07463791848
468,0448000000000
468,07813564646
468,07961858573
468,07786195326
468,07753387378
468,07707986857
468,07803070172
468,07906120980
468,07450835595
468,0o07949937211
468,07875178331
468,07875178331
468,07557029338
468,07975703933
468,07730460972
468,07984445983
468,07739538292
468,07940582617
468,0448000000000
468,07788253747
468,07949025255
468,07909403403
468,07990820735
468,07111111111
468,07855826893
468,07843700029
468,07852904277
468,07412595225
468,07411460324
468,07404519741
468,07960835060
468,07846839151
468,07580330365
468,07717114479
468,0448000000000
468,07891745016
468,07842710140
468,07858093787
468,07562043699
468,07795593681
468,07582699287
468,07503724273
468,07920080442
468,077546321334
468,07514047672
468,07521966504
468,07578507696
468,07510318673
468,07756252498
468,07879771988
468,07534012402
468,0448000000000
468,07825850360
468,0James Watson
468,07895113243
468,07749149679
468,07706050445
468,07880498740
468,07765165228
468,07419770580
468,07901702053
468,07857802299
468,07951170035
468,07901528724
468,07581572757
468,07772234682
468,07554790012
468,07800994647
468,07864153295
468,07413298157
468,0121
468,07935591846
468,07532020619
468,07791704917
468,07851447903
468,07780458580
468,07985121244
468,07925150439
468,07598220087
468,07929331525
468,0999
468,07877188771
468,07
468,07403861607
468,07561875524
468,07983576388
468,07500846916
468,07757001223
468,07789845080
468,07703435160
468,07962101135
468,07780716989
468,07913806381
468,07522630266
468,07743357799
468,07741780313
468,07533010789
468,07951082678
468,0773427348
468,07732211774
468,07947799084
468,07903349990
468,0447000000000
468,07840378443
468,07806547437
468,07983019320
468,07710698203
468,07739547464
468,07967904430
468,007916 490294
468,07729789058
468,07825213077
468,07905474040
468,07462924828
468,07955527203
468,07955527203
468,07730778985
468,07990445657
468,07472191680
468,07468576372
468,07784281386
468,07437539838
468,012200000000000
468,07860467241
468,07944285366
468,0448000000000
468,07743537235
468,07770505093
468,07779986597
468,0999
468,07772648656
468,07935823552
468,07751171903
468,07443106432
468,07940713998
468,07975588883
468,07807819629
468,07563579617
468,07788278906
468,07934754451
468,07936289656
468,07951281224
468,07926296690
468,07928853290
468,07935423555
468,07974810639
468,07941077157
468,07940917711
468,07930949530
468,030751
468,07878351086
468,07505303302
468,07442335545
468,07450843352
468,07901359138
468,07927424581
468,07599362543
468,08921888333
468,07465193325
468,07814838140
468,07774608387
468,07830023024
468,07056603230
468,07587840008
468,07702055674
468,07980458788
468,07581279882
468,07740340058
468,07852163309
468,097
468,07581665458
468,07717508914
468,0O7706050445
468,0Mandarin
468,07999991744
468,07927519543
468,07932437883
468,07449328503
468,07966190413
468,07934456781
468,07462894547
468,07713439985
468,07926583336
468,07841617474
468,07850535614
468,007788 486246
468,07956109376
468,07951287668
468,07936296326
468,07975928537
468,07949481023
468,07460967159
468,07521660134
468,07827787443
468,07474245087
468,07459423475
468,07758944461
468,07908775152
468,07581784527
468,07923991106
468,07729973434
468,07519041933
468,07935453407
468,07757811158
468,0448000000000
468,0787540628
468,07776236816
468,07504288930
468,07572867542
468,07736842338
468,07930871248
468,0790003654
468,0448000000000
468,07432658114
468,07511551984
468,07925875079
468,07790563890
468,07871040707
468,07454680317
468,07974840
468,07897160598
468,07786868972
468,07857002680
468,07769996345
468,07424111346
468,007545 764425
468,07427687777
468,07519961655
468,07456067762
468,0bustybubbled16@gmail.com
468,07912363419
468,07967604892
468,07788909389
468,07853430917
468,07960993731
468,07508993097
468,07449520942
468,07951928555
468,07585098492
468,07599678976
468,07851426369
468,07552116488
468,07456436897
468,07905996278
468,07941417829
468,07864016327
468,07855919296
468,07984558631
468,07880034726
468,0Xxxxxxxxxxxxxxx
468,00&#8419;7&#8419;9&#8419;3&#8419;2&#8419;2&#8419;2&#8419;3&#8419;9&#8419;9&#8419;4&#8419;
468,07985473303
468,07796037831
468,07748367950
468,07522733392
468,07476207418
468,07784894612
468,07455898878
468,07930216307
468,0Jeff Morgan
468,07736775672
468,07431322879
468,07855718664
468,07526898584
468,07856029113
468,07794404036
468,0753610135
468,075969278922
468,07577490164
468,0447000000000
468,07596927892
468,07515727376
468,07811663243
468,07725095341
468,01179734807
468,07926512777
468,0798765421
468,07791125192
468,07782217779
468,07446051952
468,07500874370
468,07896110316
468,0773659777
468,07900436451
468,07837153841
468,07880329304
468,07922169011
468,07524844506
468,07961722696
468,07960089707
468,07837656480
468,07841399345
468,07900438383
468,07446122679
468,0448000000000
468,07825912797
468,07961494557
468,0999
468,07944252701
468,07462570473
468,07543193913
468,07818115809
468,07792707342
468,07830756396
468,07715011062
468,07712703360
468,07425741101
468,07515004527
468,07914273049
468,0448000000000
468,07852786848
468,0448000000000
468,07446226780
468,07562222270
468,07753764610
468,07748280315
468,07973660465
468,07793009985
468,07806678819
468,07917974589
468,07565214859
468,007941 002988 
468,07900091306
468,07854064166
468,07708680073
468,07986257704
468,07415927659
468,07000000000
468,07760962665
468,07456957944
468,07891383850
468,07951590506
468,07455781107
468,07758610833
468,07711210453
468,07513325914
468,07884706207
468,07786026151
468,07429575293
468,07549126816
468,0790386438
468,0077611444;8
468,07980491608
468,07771897879
468,07770279518
468,0795696961
468,01772492744
468,07786877730
468,07718261084
468,07877119563
468,07849080694
468,0777645256
468,07888033534
468,0czxczxczxczxc
468,07824965448
468,07810837291
468,00034 62776521
468,007807 355991
468,07790932770
468,07539265663
468,07581456789
468,07445574959
468,07929010978
468,07961656216
468,07581576283
468,07704534779
468,07961506508
468,07593963231
468,07858731175
468,07528488222
468,07743030295
468,07477537599
468,07711083584
468,07468579083
468,07442193220
468,0773600851
468,07939328455
468,0723103399
468,07856225386
468,07552702181
468,07783033194
468,0  O131 665 6967
468,03
468,07900852208
468,07448630394
468,07749031871
468,07500307841
468,07552533206
468,07837234471
468,0973649569
468,07825638138
468,07768811265
468,0"+442082414358, 07860747868"
468,07770999999
468,07585802532
468,07795961776
468,0448000000000
468,07472818119
468,07752661919
468,07775334938
468,07591865632
468,07944141990
468,07827999683
468,07732985716
468,07926407194
468,07843300264
468,07719032857
468,0448000000000
468,07976204060
468,07787360423
468,007950 377067
468,07472403234
468,07793452822
468,07935972687
468,07717788214
468,07585282851
468,07775849588
468,07920706727
468,07710488501
468,07917302320
468,0447000000000
468,07780995971
468,07549050892
468,07723329018
468,07843394899
468,07853252724
468,07900535554
468,07791985372
468,07535473265
468,07803561242
468,02072209622
468,07836281444
468,07412686685
468,07791382085
468,07904567321
468,07762281359
468,07834471662
468,07923393390
468,07777888777
468,07787532801
468,07475157967
468,07526727210
468,007735 499922
468,07889870792
468,07909335584
468,07754876345
468,07960671814
468,07561093930
468,07706187609
468,07917961598
468,07968142397
468,07473885172
468,07748834511
468,07845061945
468,099999999999
468,07771472986
468,07917519048
468,07967512424
468,07961907922
468,07989828341
468,07447762655
468,07805500119
468,00743 4079856
468,07800509081
468,07961446404
468,07785867179
468,07974782943
468,07946313333
468,06860458717
468,07456565796
468,07763134216
468,07961199756
468,07814525994
468,079100137
468,07725992301
468,07735614939
468,07720879003
468,07964029643
468,0O7777777777
468,07849338129
468,07528644934
468,07833469702
468,07591575779
468,01637872349
468,07565727224
468,07803205662
468,07814657710
468,07904489244
468,07709309506
468,07525407170
468,07812540635
468,07903133774
468,07944167559
468,07970150381
468,07824186935
468,07756645330
468,07810354944
