467,07825353753
467,04.48E+11
467,07553802289
467,07977941783
467,07716468619
467,07581878367
467,07562033206
467,07856280070
467,07748577673
467,07725913280
467,07814502921
467,07540363122
467,07866181396
467,07983149100
467,07727415189
467,07563327052
467,07941052016
467,07447077678
467,07553059256
467,07789121518
467,07985391944
467,07900896080
467,07500444380
467,07709083565
467,0mmmmmmmm
467,04.48E+11
467,0+44 7971 414158
467,07980964090
467,07506362643
467,07969174731
467,07712345678
467,07552556144
467,07768946009
467,07902943693
467,007726 332606
467,07552145344
467,07825835581
467,07528552322
467,07866703197
467,07775237788
467,07828977384
467,07828977384
467,080012345754
467,07955972831
467,07779225015
467,07512285836
467,07531515588
467,07899904719
467,077766634519
467,07951065124
467,07.55E+11
467,0696969
467,07985869874
467,07881239097
467,07572456278
467,01.11E+14
467,07725757957
467,07939833284
467,07810595988
467,07795233661
467,00
467,007900 517 124
467,07864372513
467,07854390291
467,07956155427
467,07414736720
467,07538819038
467,07927047520
467,07801983719
467,007769 331219
467,07866814656
467,07771727703
467,04.48E+11
467,07778046195
467,07598108782
467,07549347583
467,07582748186
467,07581418128
467,07801547779
467,07977749368
467,07955991334
467,07785337888
467,07508459391
467,07565789522
467,07976266221
467,07857560789
467,07851043654
467,07510836858
467,0999
467,07964042764
467,07887401798
467,07707077075
467,07583431248
467,07981524010
467,07505009538
467,07548355070
467,07939118975
467,07795031390
467,07739508701
467,07703601141
467,07956351686
467,0010101 10101
467,07875112332
467,07570437311
467,07548089152
467,07866475136
467,07941348850
467,07813725647
467,07572336344
467,07427501020
467,07939118974
467,07553954763
467,07538538184
467,07.88E+15
467,07630287898
467,07885238171
467,07794544039
467,00
467,07769150218
467,07970693453
467,0jones
467,00207 230 1212
467,07876444876
467,07749105673
467,01245565456
467,07974763047
467,0West Tower, Craighlaw Mansion, Kirkcowan, Newton Stewart DG80DQ
467,07879176687
467,07771480878
467,07766682604
467,07553331453
467,07903871858
467,07786264555
467,07811486517
467,07983081945
467,07879595487
467,07811760506
467,07983731192
467,07779741445
467,07508004531
467,07957081097
467,07818574316
467,07790907954
467,07868508767
467,07887494547
467,07549878262
467,07753223624
467,07922880629
467,07553219455
467,0mccarthy
467,007932 590337
467,07807231612
467,07957886848
467,07549214443
467,07957868995
467,0&#8237;+44 7879 481677&#8236;
467,07784321350
467,07931349150
467,07508390027
467,007873 667438
467,07501283359
467,0Recipient
467,07729714918
467,07793758087
467,07969643668
467,07967014322
467,07849355380
467,07850360439
467,07748605974
467,07807828396
467,07404679149
467,07578873137
467,07429385856
467,07805805190
467,07773711065
467,0775741815
467,07525070484
467,07581204720
467,078641252225
467,07801243144
467,07866594598
467,0+44 7539 398169
467,07786666421
467,07960998115
467,07775740049
467,07966256206
467,07549349756
467,07826381094
467,07940491739
467,07783333341
467,07956887012
467,07860661766
467,07538061016
467,07904907939
467,07743797268
467,07804294861
467,07581069269
467,07506757351
467,07718888836
467,0Paisley PA2 7QA
467,07779507396
467,07501363272
467,07766765396
467,07973865662
467,0O7735045956
467,07789254188
467,07939538262
467,07543862248
467,07546302980
467,07747074027
467,07771394029
467,07525721608
467,07756187730
467,07852764370
467,007870 400257
467,01234567890
467,04.48E+11
467,007782 217779
467,07871887620
467,07801516084
467,07916919813
467,07950779167
467,07889913968
467,07753682296
467,07528672418
467,07850450353
467,07583066199
467,07811543025
467,07706247038
467,0Darlington
467,07765460212
467,07908106975
467,04.47E+11
467,07703760607
467,007890 164422
467,07973882814
467,07525772415
467,07908130179
467,07944677583
467,07946590770
467,07943453175
467,07587932115
467,0Franklin
467,07976170810
467,07887423586
467,07507357566
467,0rachaeldee2013@hotmail.com
467,07527325097
467,07876231990
467,07860160143
467,0786611202
467,07957585692
467,07961869164
467,07888667174
467,07710146614
467,07704780690
467,07775084622
467,07977986543
467,07572576985
467,007881 280113
467,07920425379
467,07909200341
467,07791512806
467,07769211472
467,07583380431
467,07896263502
467,07941992224
467,07879331596
467,07521827701
467,07732942893
467,07527825962
467,07900816907
467,07760974147
467,07988772723
467,07983626976
467,07580948206
467,07770725809
467,07932489969
467,07835390606
467,07557020047
467,07940211007
467,07967252248
467,07557802248
467,0781019821
467,07711083334
467,07402765756
467,07881881558
467,07809479738
467,07765328909
467,07899485502
467,07881452931
467,07931093818
467,07456601950
467,07967267922
467,07825950111
467,07412478665
467,07925155071
467,03333333333
467,0753664172
467,07594003063
467,07549634397
467,07528225325
467,07854868800
467,07401111838
467,07917952338
467,07518303528
467,07719087926
467,07442621662
467,07770899046
467,07908220494
467,07790478011
467,07508374386
467,0779340928
467,07743187611
467,07957648813
467,07412085572
467,07583175352
467,07739500064
467,07853180637
467,07855939232
467,07958357489
467,099999999999
467,07557803754
467,07594487288
467,0dont hav
467,07789125873
467,07814946629
467,07701041733
467,07805524333
467,07969297455
467,07805118342
467,07771487899
467,07579171835
467,07771221503
467,07789974103
467,007818 450441 
467,07462281125
467,07956517038
467,07531522470
467,07531216910
467,07789027423
467,07508022167
467,07877866626
467,07779185719
467,07597162137
467,07522063707
467,07950120806
467,07923231513
467,07711280689
467,07748558985
467,07896532096
467,00752129985o
467,0&#8237;+44 7876 829416&#8236;
467,07957771152
467,07751879172
467,07538879517
467,07535983259
467,07761196228
467,02088420756
467,0+44 7775 662099
467,07.45E+11
467,07554358340
467,007964 065414
467,07725919272
467,07858683616
467,07974139070
467,007527 847401
467,07590595538
467,07734771490
467,07423493168
467,07766836491
467,07429536511
467,07711054911
467,07584424484
467,07771408211
467,07554419243
467,07807634344
467,07598870969
467,07748755570
467,07507235908
467,07581381100
467,07825226268
467,07939380821
467,07825000382
467,07878246246
467,07790774073
467,07848823531
467,07508633233
467,07515594666
467,07846791928
467,0Adegbite
467,07876889175
467,07766018292
467,07967344164
467,07900256698
467,07412155561
467,07507037851
467,07950813450
467,07576748904
467,07894261032
467,07740190423
467,07980003817
467,07947554619
467,07967605970
467,01234567890
467,07572678379
467,07980575288
467,07574166104
467,07771284451
467,07583020217
467,07824900065
467,07508802785
467,07957771031
467,07738262069
467,07956969271
467,07714140547
467,07745526999
467,07799639873
467,07554042599
467,07557337245
467,07939137423
467,07824411713
467,07869129871
467,007530 362558
467,07557234406
467,007917 290845
467,007766 282584
467,07933584318
467,07939380105
467,0onbbb
467,07771933076
467,07956649083
467,07712483073
467,007594 788957
467,0+44 7740 315657
467,07762939059
467,07939174548
467,07765980573
467,07957482350
467,07899877283
467,07944140988
467,07500682710
467,07740024822
467,07796910186
467,07798573312
467,07957077138
467,07833207994
467,07771906612
467,07595548313
467,07979376517
467,07960009961
467,07854122924
467,007969 677161
467,07875666365
467,007974 672713
467,07525758334
467,07766810999
467,07815780936
467,0ihfcdcbjfx
467,07748102059
467,07769656276
467,07960516711
467,07799236867
467,07711211948
467,07956027785
467,079505704749
467,07999932302
467,07734830484
467,07866407011
467,07546852164
467,07711202845
467,07518456188
467,07939559677
467,07949263656
467,07956228994
467,07799739464
467,07548113820
467,04.48E+11
467,07841380720
467,07787492935
467,07813999340
467,07769656276
467,07831346762
467,07584292542
467,07733456876
467,07578442221
467,07748457425
467,07925155071
467,07790079672
467,07875736249
467,07456587229
467,07506273613
467,07584929202
467,07740003826
467,07586063184
467,07739462335
467,007985 972655
467,07736249935
467,07887255235
467,07530353321
467,07831317116
467,07738520785
467,07748370759
467,07543322440
467,07813555261
467,07789501926
467,07938774235
467,07808032487
467,07941016846
467,07726947479
467,07917273799
467,07860213333
467,00
467,07958035083
467,04.48E+11
467,07527499116
467,07835420476
467,0999
467,07716828242
467,07414938292
467,07572134440
467,07794652145
467,07501831625
467,07766758255
467,007980 076355
467,0uhaveit
467,07952851994
467,07590805022
467,07793048114
467,07740310294
467,07748952549
467,07715620050
467,07572261367
467,07933691410
467,07933691410
467,07833204768
467,07980159595
467,07880704238
467,07598803221
467,07432605395
467,07766025976
467,07871347444
467,07545848101
467,07817842591
467,07749702232
467,07881754176
467,07810545592
467,07723071815
467,07783902412
467,07986798022
467,07962391146
467,07811230296
467,07725359977
467,07877335303
467,07807045952
467,07913514670
467,07902864042
467,07587755881
467,00000""00000000000"
467,07840956518
467,07872601736
467,07719793474
467,007810 293910
467,07561876144
467,07715680498
467,0999
467,07766069781
467,07594990300
467,07861789046
467,07771346864
467,07799171247
467,07886281364
467,07955200103
467,07747454543
467,07539442588
467,07907459805
467,07908700378
467,07748879332
467,07597669527
467,07786474682
467,04.48E+11
467,03482.34
467,07763695260
467,07740349625
467,07974546746
467,07971193052
467,07598292518
467,07426999268
467,0I 
467,07740277779
467,00
467,07989153342
467,07427613205
467,07572685480
467,07920161558
467,0780987564
467,07966232212
467,07977711049
467,07825411492
467,07588787838
467,07799450383
467,07534557452
467,07763207716
467,07403573748
467,07536113117
467,07535364808
467,07956428476
467,07766652265
467,07547847162
467,07752150751
467,07768294561
467,07786810301
467,07912560547
467,07708858996
467,07541418936
467,07554748130
467,07940065107
467,07582600105
467,07966136436
467,007532 148371
467,07411771473
467,07776477551
467,07977637663
467,07711296472
467,07427671626
467,07931279206
467,07889199540
467,07510072888
467,07432786313
467,07977973409
467,07522
467,07771207380
467,07513034768
467,07956386896
467,07979863978
467,07561100449
467,07956845571
467,07956988593
467,07854847274
467,07900211329
467,07775458898
467,07956743158
467,07580604482
467,07939386913
467,07771154740
467,07931928565
467,07551270089
467,07858758908
467,07522844466
467,07432472103
467,07907420910
467,07956903508
467,07742718238
467,07930524720
467,08799556789
467,0ol5 9jt
467,0752794858
467,07968045031
467,07563354383
467,07766143860
467,07716195261
467,07798748756
467,07950850674
467,07733478000
467,07552366190
467,07900883339
467,07904566058
467,07748194314
467,07531954324
467,07757305082
467,07939301488
467,07799327541
467,07740048755
467,07527968587
467,07707651849
467,07968232212
467,07949993131
467,0077 48 609905 
467,07564271155
467,07748194314
467,07901813393
467,07801307757
467,07856290451
467,07778981559
467,07980616537
467,007584 098216
467,007974 370181
467,07748922112
467,07900736220
467,07958007341
467,07811470278
467,07976768477
467,0795772387
467,07976103064
467,07578922262
467,0Kelali
467,07546507058
467,07725856695
467,07856290451
467,07553425125
467,07775647433
467,07876613408
467,07761251995
467,07956946866
467,07731307668
467,007983 567811
467,07538502595
467,007513 571156
467,07709650826
467,07709033585
467,07896624649
467,07429524553
467,07583184072
467,07827916979
467,07580903129
467,07413772868
467,07835989178
467,02380436802
467,07971460493
467,07763722129
467,07581292542
467,07860194613
467,07983784878
467,07900883339
467,007848 569214
467,07895546391
467,07932344291
467,07903293068
467,07889694079
467,07977973409
467,07930884235
467,07931041139
467,07807153738
467,07510096222
467,07500720660
467,07910435687
467,07738045388
467,07738324244
467,07770914444
467,07766068791
467,07928021426
467,07591483494
467,07840884264
467,07979680954
467,07779544973
467,07717744601
467,07946640999
467,00776 6963704
467,07572261367
467,07810365281
467,07875159491
467,07989057087
467,07547641558
467,07855888777
467,07551820097
467,0774891264
467,07539176049
467,07729642355
467,0079&6765087
467,07939239242
467,07747868740
467,07729588714
467,07543579431
467,07748386807
467,07586096426
467,07553512181
467,07917483698
467,07961250386
467,07944480760
467,0Angelika Gorb
467,07548357020
467,07760362507
467,07980336452
467,040752850948
467,07581188168
467,07448629234
467,007939 173944
467,07792225917
467,07810681460
467,07768585109
467,07789015639
467,07809729404
467,07774938326
467,07552224065
467,07787397996
467,07596366300
467,07971226200
467,07732429270
467,01234567890
467,01304217271
467,07790160742
467,07546540337
467,07776005598
467,07790627091
467,07522260105
467,07989667680
467,07955231538
467,07412269570
467,07884153785
467,07917973624
467,07791307568
467,0077 61321?564
467,07447460297
467,07922330842
467,07958412878
467,07810527753
467,07413222858
467,07513593097
467,07966267181
467,07919006326
467,07809887283
467,07
467,07922589544
467,07808064130
467,07515859543
467,07000000000
467,07781933719
467,07725907007
467,07799675577
467,07825730352
467,07878566665
467,07745642421
467,07515816318
467,07795320498
467,07654365244
467,07766632531
467,007808 283213
467,07746960676
467,07709770919
467,007835 833840
467,07763176000
467,07500957871
467,07807277245
467,07961096144
467,07900118598
467,07954333229
467,0fuck off
467,07746096268
467,07821150636
467,07885972520
467,07590621606
467,07849220441
467,07588677978
467,07779329463
467,07848421456
467,07766404518
467,07930730576
467,07411769348
467,07767740375
467,07514730422
467,07950226337
467,07919462801
467,07725877258
467,07847463921
467,078532567
467,07930116356
467,07783206330
467,07939479850
467,07885247550
467,074591088622
467,07802346155
467,09876543210
467,07927353268
467,07411305786
467,07725534360
467,04.48E+11
467,076532456546
467,07748785634
467,04.48E+11
467,07949175421
467,07931238914
467,07584551900
467,07792216706
467,07912972954
467,00
467,07825540418
467,07961131683
467,07515828057
467,07515673283
467,07841487486
467,07809234330
467,07902036645
467,07525645644
467,07565918955
467,0800102030
467,07949943536
467,07414749175
467,07939964602
467,07878130058
467,07432139428
467,07849737944
467,07777222333
467,07533594954
467,07923336186
467,075172099
467,07950480636
467,07510589911
467,07958150094
467,07968134391
467,0214
467,07707660333
467,07412076512
467,0759096407
467,07971609303
467,07855124477
467,07971010238
467,07413436400
467,07961373156
467,07549936986
467,07758617752
467,07791519374
467,07999587533
467,07903040501
467,07879470946
467,07525161435
467,07525946864
467,07515663516
467,07729222706
467,07516366508
467,07908558343
467,07440260165
467,07595740067
467,07811191693
467,07957136503
467,07795360769
467,07827585579
467,07756361829
467,07548358000
467,07746126624
467,07752362444
467,07989989079
467,00
467,07966874417
467,07825429152
467,07984936385
467,07745291125
467,060378858925
467,07949642184
467,07780663495
467,07725646566
467,07807897879
467,07717001822
467,07511947467
467,07507770324
467,07702425672
467,07510987008
467,07411080900
467,07799420256
467,07799420256
467,07762535906
467,07570320701
467,07748211001
467,07814911530
467,04.48E+11
467,07545982182
467,007777 777788
467,07973438534
467,07746761282
467,07500776735
467,07719077321
467,07576194086
467,07754685489
467,07834192057
467,07983715137
467,07818052426
467,007912 292055
467,07519590037
467,07951804599
467,07989770028
467,007835 126535
467,07759636221
467,07563388213
467,07932829638
467,07801816954
467,07810488566
467,07801307751
467,07566782344
467,07889123615
467,07539659020
467,07884150448
467,07518510853
467,07900258529
467,07872992683
467,07754262326
467,07429923017
467,07815647520
467,04.48E+11
467,07650875421
467,07963056041
467,07867513996
467,07545707394
467,07516506822
467,07711202845
467,07449031682
467,07710383044
467,007525829550 2 
467,07412254532
467,07586029380
467,07869145253
467,07884779547
467,0203832
467,0203832
467,07725740429
467,07725740429
467,0771504750
467,07531830193
467,04.47E+11
467,07508253457
467,07845733361
467,07786554836
467,07549390796
467,07933909440
467,07725792894
467,07984511124
467,01890987644
467,07708079151
467,07437488493
467,07593077576
467,07904285785
467,04.48E+11
467,07779356966
467,07469197413
467,007794 614038
467,07521266516
467,07731813425
467,07754540917
467,00800 go fuck yourself
467,07990017303
467,07867031863
467,07598805659
467,07427650982
467,07776431800
467,07428617284
467,07941674751
467,07446010841
467,07506043182
467,07901650811
467,07803459197
467,07973828478
467,07805151503
467,07917563119
467,07712293845
467,07468511561
467,07514464048
467,07590057820
467,0fuck you
467,07423815348
467,07774867503
467,07527290586
467,07990573677
467,07774532711
467,07934953132
467,07584789692
467,07756537165
467,07939936660
467,07584306066
467,077114897
467,07876634620
467,07868756419
467,07868756419
467,07540613923
467,07879635596
467,07891231865
467,07902587819
467,07432532060
467,07968314005
467,07817402564
467,07816485055
467,07710436485
467,07831520810
467,07999518237
467,07816482441
467,07721543771
467,07880890502
467,07864553212
467,07769539838
467,07846790870
467,07477205676
467,007936 888 025
467,07860256853
467,07740336830
467,07759202700
467,07936052931
467,07817249262
467,07876823361
467,07889924903
467,07850693010
467,07479645249
467,07885175307
467,07502743622
467,07707549845
467,007565 731902
467,07920027546
467,07746509010
467,0+44 7951 178087
467,07951094414
467,07415811242
467,07956670237
467,07017133454
467,007544 801221
467,07523177154
467,078432132134
467,07786654336
467,07982818534
467,07950351765
467,07415167842
467,07938366396
467,07437573177
467,07463761557
467,07921762730
467,07949774171
467,077472905505
467,07415989552
467,07562862903
467,07957344629
467,07791219299
467,07970634474
467,07423517254
467,07938020864
467,07947185195
467,07928744251
467,07932584379
467,07766804537
467,07860911695
467,07733302640
467,07480794557
467,00790 456 6789
467,07539189122
467,07415253942
467,07557302276
467,07533814869
467,07889034318
467,07787806084
467,07487702469
467,07825005926
467,07450188413
467,07879685464
467,07874784932
467,07763933442
467,07506686677
467,07786980247
467,0ooooo
467,07443496211
467,07.78E+11
467,07894919280
467,07717790212
467,07478244558
467,07976710044
467,07435597838
467,07738061624
467,07707885246
467,07710898364
467,07535845795
467,07903125545
467,07480794557
467,07732139122
467,07956075174
467,07789748904
467,07749188689
467,07506047590
467,0Fuck you
467,07786476365
467,07835297477
467,07962366034
467,07568333683
467,07850039256
467,07874601586
467,07415999986
467,07.82E+12
467,07879265558
467,06973826321
467,07534898176
467,07746413700
467,07806695211
467,07792871974
467,07415660500
467,07831520810
467,07884337168
467,07749986944
467,07507407220
467,07932959739
467,07824466513
467,07950593712
467,07854003828
467,07535865275
467,07984880888
467,07543597096
467,07574266117
467,07977595374
467,07752823725
467,07831400301
467,07854770181
467,07468425340
467,07769773123
467,07940306497
467,07720884515
467,07713148681
467,07872653215
467,07824389415
467,007966 061935
467,07590826342
467,07947255314
467,07868125234
467,07947610746
467,07913327838
467,07738998247
467,07593895408
467,0779999444
467,07815989393
467,07713177401
467,007999 123 456
467,077760877686
467,07707731973
467,07925397395
467,01424461479
467,07858186053
467,07968791719
467,07967452886
467,07956398530
467,07791528517
467,0766882144
467,07783278046
467,07533856618
467,07517200667
467,07786933530
467,07088830091
467,07766657180
467,07904195347
467,07932362113
467,07596280372
467,07411450765
467,07946633386
467,07095124019
467,07808766915
467,07929216372
467,07707486209
467,007876 401252
467,07886963538
467,07535161149
467,07963816321
467,07957422615
467,08727638245
467,07843197335
467,00
467,07920065215
467,07932565288
467,07562879241
467,07720745337
467,07745357298
467,07568068254
467,07949555915
467,07955421807
467,07849325868
467,07435432222
467,07919237568
467,07578813388
467,07742416510
467,04.48E+11
467,07455097032
467,07904885031
467,07786429822
467,07598606709
467,07513590586
467,07944823109
467,07506723690
467,07752661947
467,07875641606
467,07958384258
467,07814479020
467,07434716212
467,07799715175
467,07535295858
467,07960148126
467,07583040145
467,07939968985
467,07799994444
467,077765123223
467,0Robert Paul Kettlety
467,07968281121
467,07825771712
467,07884063594
467,07882771442
467,07956168061
467,07788535627
467,07896624487
467,0773824112
467,07950709051
467,07743394342
467,07526404604
467,07884758200
467,016196307162
467,07435236237
467,07531341688
467,07538862299
467,07548498194
467,07830536753
467,07925525641
467,07917454445
467,07975850134
467,0picnic.vs@gmail.com
467,07568356462
467,07744565657
467,07468433740
467,07732176279
467,07593147470
467,07767656018
467,07586686148
467,07920179133
467,07519677117
467,07776352317
467,07776352317
467,007948 570288
467,07948500427
467,07539354734
467,01512874987
467,07746138730
467,07549779747
467,075411988763
467,0shelly
467,07901023577
467,07858978374
467,07840425567
467,07917825863
467,07551483949
467,07535504016
467,07944665464
467,07891234425
467,07773242608
467,07964052723
467,06922576874
467,07476615598
467,07723410259
467,0Murphy
467,07788299684
467,07931024105
467,07947711474
467,07934727319
467,07977668012
467,07776187291
467,07424104217
467,07714693625
467,07934895498
467,07556980418
467,00800gofuckyoirself
467,07958582498
467,07738678203
467,07729526535
467,07462106476
467,04.48E+11
467,07478873707
467,07984280289
467,07984566501
467,07463591988
467,07572613040
467,07817584007
467,07712119909
467,07462599264
467,07910811557
467,07462058118
467,07882985939
467,07761077333
467,07722109291
467,07913350414
467,07810273110
467,07593391498
467,07437534540
467,07423729250
467,07446234043
467,07550587632
467,07841349930
467,07438626378
467,07411417286
467,07501468222
467,07455955142
467,07563579617
467,07429246838
467,07538799085
467,07598934410
467,07761283128
467,07549481727
467,07857661786
467,07477610929
467,07523361265
467,07432508705
467,07909270030
467,07472777574
467,01227450118
467,07917702264
467,07933336187
467,07922128316
467,07703459105
467,07702874530
467,07792876544
467,07949463457
467,07856079904
467,09897563343
467,007738 013245
467,07460375707
467,07477604290
467,07762989486
467,07813456438
467,07891071187
467,07432832514
467,07864002837
467,07909337855
467,07412629589
467,07718083829
467,07557911265
467,07769517404
467,07769517404
467,07440291255
467,07878435134
467,07581370060
467,07930711549
467,07462006220
467,07707819342
467,07923942813
467,07985026202
467,07881664793
467,07720854355
467,07868968853
467,07983120755
467,07442654564
467,07588332303
467,07564866790
467,07940079961
467,07453844544
467,07502932934
467,07833137646
467,07447003017
467,07527732032
467,07773680013
467,07907390900
467,07905259040
467,07585548658
467,07514427402
467,07585381117
467,07799500217
467,0+44 7462 936522
467,07443596780
467,07473915688
467,07594667829
467,0Beverley road 111, NR5 8DW Norwich
467,07438606210
467,07863402399
467,07591580524
467,07458565255
467,0ixixoflxxoxixixixxi
467,07927414776
467,07909127574
467,07460978368
467,07904336875
467,001234 567 890
467,07713115604
467,07512230882
467,07788258452
467,07401825529
467,07793167854
467,07437407213
467,04.48E+11
467,07984352582
467,07783527561
467,07757811157
467,07438957606
467,07468434653
467,07502186138
467,07440397516
467,07588556888
467,07794565643
467,07956313667
467,07767421923
467,07910488918
467,07448604103
467,07780662749
467,07731380157
467,07731312127
467,07855657913
467,07583790491
467,07887663102
467,07706197036
467,07720296026
467,07707725023
467,07577454132
467,07737833576
467,07854471005
467,07552239075
467,07404398040
467,07502276597
467,07783050959
467,07756934935
467,07927882605
467,001761 436787
467,07438229084
467,07598760663
467,07474262020
467,07463735083
467,07872456542
467,07971030938
467,07828077512
467,07929226359
467,07541085518
467,07796431411
467,07463163588
467,07738689706
467,07477967886
467,07512333460
467,07446137720
467,07743663513
467,00
467,07910107119
467,07460591754
467,07951810980
467,07554147834
467,07746422271
467,07449486258
467,07928951610
467,07434245873
467,07448014430
467,07428596762
467,07708919073
467,07814002454
467,07527930074
467,07958510628
467,07950729317
467,07463982116
467,07766491763
467,07565353462
467,0Wv106xa
467,07866992423
467,07718483302
467,07527919799
467,07474385753
467,07546846822
467,07903484375
467,07449154984
467,07449154984
467,07949860139
467,06309831678
467,07455963954
467,07736567200
467,07842003717
467,07983159367
467,07506006532
467,07761061868
467,07765643516
467,07593943567
467,07948566062
467,07873846009
467,0741548875
467,07535216226
467,0836607992
467,07598881949
467,07912252031
467,07831919736
467,07982502019
467,07423404498
467,07786325269
467,07729609172
467,07733846432
467,07956740253
467,07419344102
467,07737889783
467,07811997383
467,07718496977
467,07811378437
467,07918575771
467,07984016201
467,07824662359
467,07404178448
467,07550548085
467,07451941300
467,07881751756
467,07949861536
467,07516348531
467,07814394357
467,07982681426
467,075010870334
467,01
467,07551822396
467,07985633244
467,07833254305
467,07913105986
467,07593943567
467,07906534493
467,07517717751
467,07901840045
467,07766853590
467,07411307852
467,07414901067
467,07977225029
467,07877377371
467,007939 080510
467,07548449716
467,07983075493
467,07462786046
467,07881365573
467,07881365573
467,07746512473
467,07511922896
467,07553058035
467,07956784814
467,07557906053
467,07597955730
467,01752313394
467,07790149191
467,07544943400
467,07984745105
467,07572770095
467,07982121264
467,07975567698
467,07730032769
467,07449997822
467,07598701749
467,07984328438
467,07742712729
467,07961726944
467,07474461568
467,07722438752
467,0Ralphs
467,07450262695
467,04.47E+11
467,07425700416
467,07468582532
467,07885674473
467,07938239487
467,0778551864
467,07891110789
467,07979183083
467,07803741136
467,07843566
467,07549665904
467,07983796065
467,07826333914
467,0ex directory not for nosey bastards
467,07825468962
467,07941034604
467,07794320318
467,07816029337
467,07544791699
467,07785105852
467,07801088777
467,07598484471
467,07969279259
467,07842155941
467,00
467,07784055925
467,0Brown
467,0777928174
467,07583009554
467,07863828037
467,07534342468
467,07923816789
467,07539423615
467,07774668798
467,07827813277
467,07768200378
467,07719259501
467,07505171755
467,07780848776
467,07562073717
467,07888776655
467,07758296688
467,07730334069
467,0077092707/0
467,07947080997
467,07734875396
467,07554880823
467,07947739013
467,07909092710
467,07432095953
467,07432095953
467,07413852149
467,07709038335
467,07572797711
467,07446177270
467,07809994599
467,07505560547
467,07404550117
467,07722596210
467,07928868258
467,07866036104
467,07506929802
467,07788538905
467,07796456304
467,0999
467,07538774528
467,07851795850
467,01761419585
467,07895722403
467,07929324065
467,07460351055
467,07786816093
467,07914021467
467,07873132208
467,07810474545
467,07825046970
467,07756132732
467,07557648763
467,07908836454
467,07514241176
467,07511725405
467,04.48E+11
467,07985674836
467,07411125011
467,07789644532
467,007477 389927
467,07703964500
467,07942774472
467,07455815205
467,07472731577
467,07584572087
467,07795192429
467,04.48E+11
467,07734360152
467,07450654852
467,07711027675
467,07956756657
467,07854098765
467,07517353502
467,07704567159
467,07403333055
467,07721997021
467,07765292635
467,07805156939
467,07724696566
467,07828202939
467,07817170308
467,075776882123
467,07769943701
467,07913822280
467,07920224906
467,07584086040
467,07756844487
467,07956759648
467,07949343765
467,07478275296
467,07814588525
467,07802885954
467,07827783139
467,07850451260
467,07506578273
467,0760654321
467,07851259380
467,07842184699
467,07763871008
467,07975577658
467,07948528966
467,07544967515
467,07950927321
467,07970322852
467,07731558985
467,04.41E+11
467,07534393020
467,04.48E+11
467,07415022002
467,07752178619
467,07
467,07780448270
467,07538682603
467,07742526182
467,07467260736
467,07948555358
467,04.47E+11
467,07534170591
467,07938560505
467,07519269970
467,07931662523
467,07730043346
467,07870332177
467,07587721776
467,07900509582
467,07870997499
467,07898765467
467,07765432109
467,07593571713
467,07428185754
467,07729341689
467,077755668888
467,07507890841
467,07769733155
467,07900050778
467,07919382792
467,01907558927
467,07561802695
467,007904 289235
467,07460967158
467,07860830545
467,07780666361
467,07746905797
467,07403380300
467,07450517206
467,07522924876
467,07803274802
467,07827696957
467,07783793539
467,07411049019
467,07473334333
467,07765426937
467,07976252315
467,07946312283
467,07477665827
467,07541123305
467,07903561183
467,07757142701
467,07717332536
467,07415384313
467,07541030543
467,07557262569
467,04.48E+11
467,07902657121
467,07930586298
467,07899284345
467,07438837863
467,07807795196
467,07440524340
467,07803295797
467,07963458963
467,07963458963
467,07169807909
467,07749481493
467,07749481493
467,07749481493
467,07743107489
467,07517089435
467,07856204984
467,07889924966
467,07722108338
467,07759270548
467,01782510760
467,07939806931
467,07968866472
467,07474033020
467,07510832777
467,07773663569
467,07703673274
467,0999
467,07872184009
467,07449835816
467,07908986225
467,07508305028
467,07511522936
467,07804570125
467,07463592841
467,07437327561
467,07837633418
467,07530731065
467,0079393$2080
467,07983102857
467,07762874024
467,07455158793
467,07512599696
467,07475140334
467,07746331096
467,01.23E+12
467,07453957992
467,07562472669
467,07746795480
467,07562472669
467,07739372642
467,07472467777
467,07707826878
467,07591411015
467,07648600637
467,07815617774
467,07583366875
467,07915118013
467,07947347329
467,07826848737
467,07432150591
467,07831517060
467,07965430729
467,07546787654
467,07925042723
467,07775836521
467,07702456875
467,07963558984
467,07717622760
467,07886734395
467,07840377780
467,07432627853
467,07591284837
467,07446323473
467,07460444409
467,07507642838
467,055456655774
467,07799891081
467,07946277552
467,07768968029
467,07795817133
467,07968826881
467,07720298740
467,07718795210
467,007963 596803
467,041 alliston gardens semilong northampton nn2 6dt
467,07539560713
467,07597922282
467,07747658766
467,0Halifax 
467,07880493723
467,07825970456
467,07546895397
467,07907006168
467,07437600004
467,07919447744
467,01278322250
467,07521
467,07870822839
467,07895783384
467,07717362468
467,07463290227
467,07800990157
467,07956670875
467,07732287824
467,07938897634
467,04.48E+11
467,07434051595
467,04.48E+11
467,07842431097
467,07510558012
467,07592633136
467,07932580744
467,0fucker
467,07766762098
467,07476600824
467,07521819634
467,07708348902
467,07785615351
467,07503317615
467,04.48E+11
467,07841425908
467,07503519921
467,07783854294
467,07541604435
467,07820180234
467,07990547284
467,0Hutchinson
467,07402561116
467,07877798641
467,07020426419
467,07703150486
467,07904245212
467,07744556674
467,080808080
467,07870149824
467,07785568476
467,07749954239
467,07473620568
467,07564665894
467,07935293997
467,07946222969
467,04.48E+11
467,07511431193
467,07594006249
467,07572411696
467,00
467,07565283808
467,07783394775
467,07760416879
467,07454315141
467,04.48E+11
467,07415993606
467,07909597812
467,07944915073
467,07864789069
467,07972962269
467,07923026830
467,07818569586
467,07434119238
467,07711097800
467,07969646822
467,07835849754
467,07780452504
467,07784745325
467,07861370808
467,07756799626
467,07955653466
467,07404916307
467,07724785958
467,07917152050
467,07716020627
467,07947601210
467,007544 099446
467,07867428338
467,07546451608
467,07508561884
467,07859430830
467,07830102262
467,07856255265
467,07546878587
467,07591233425
467,07584020770
467,07858975615
467,07847617833
467,07825276912
467,07846876710
467,07702084821
467,07806377362
467,07449922052
467,07961561302
467,07949478703
467,07932610459
467,07514864457
467,07930524720
467,07883028954
467,07930323179
467,07899636246
467,07789282099
467,07463315525
467,07761155098
467,07980458788
467,07780902618
467,07970767936
467,07587755002
467,07933078625
467,07817387936
467,07897160598
467,007947 056782
467,07908974836
467,07904045921
467,07766421923
467,07904186199
467,07531033428
467,07878762757
467,07714179421
467,07837881967
467,07745249215
467,07477651393
467,07553921608
467,07455010851
467,07454017496
467,07472154500
467,07778751856
467,07906832334
467,07720750904
467,07729354187
467,0+44 7478 709981
467,07730040488
467,07592857219
467,07811343045
467,07761509527
467,07535491653
467,07767130414
467,07537176724
467,07530285660
467,07539295972
467,07706166500
467,07437188779
467,07517799102
467,07889663506
467,07787657295
467,07591981964
467,07442190247
467,07946277552
467,07949067295
467,07866125261
467,04.48E+11
467,07538687974
467,07518922609
467,07851819263
467,07920488
467,07918248907
467,07826823052
467,07835646270
467,07971897816
467,07734464887
467,07950227472
467,07973575841
467,07887852304
467,07852273931
467,07730582057
467,07730582057
467,07739096056
467,07794189180
467,07763197237
467,07342665498
467,07477069606
467,07890221232
467,07582687416
467,07884154902
467,0Fuck off
467,07432519671
467,07445704403
467,07473733506
467,07446129369
467,07972046430
467,07475561221
467,07402205725
467,07446080027
467,0Your number
467,07447443418
467,07476195001
467,07411875320
467,07449709064
467,07909865760
467,07514016477
467,07477679528
467,02036022828
467,07508554160
467,07518749666
467,07474960994
467,07453030706
467,07513752296
467,07507999919
467,07507650015
467,07447056338
467,07429272486
467,07475037415
467,07454333475
467,07500172736
467,07515484286
467,07513966721
467,07514743989
467,07411998325
467,04.47E+11
467,07514289731
467,07446363138
467,07447078336
467,01612779060
467,07455189984
467,07449018133
467,07508899062
467,07447109068
467,07510435650
467,07507555886
467,07474036450
467,07415530338
467,07450207409
467,07450775919
467,07411534844
467,07415493531
467,07445842621
467,07411406080
467,07473946419
467,074400663880
467,07448062045
467,07474141859
467,07428779407
467,07449075628
467,07516166317
467,07514607337
467,07445674006
467,07445933432
467,07475110150
467,07512017650
467,07500147773
467,07432656426
467,01785601819
467,04.47E+11
467,07477699501
467,07447631154
467,07403521300
467,07454022482
467,07858532166
467,07412292110
467,007415 517123
467,07501785833
467,07415107163
467,07717822322
467,07475788834
467,007402 121212
467,07514406753
467,07403331616
467,07448873501
467,07463767051
467,07475724279
467,07402999929
467,07515533880
467,07415418622
467,07432647853
467,07449192240
467,07472265793
467,07446133396
467,07510441807
467,07442625453
467,07453612226
467,07445223964
467,07507797087
467,07415677095
467,07428713409
467,07445465145
467,07455158793
467,07424580364
467,07450599696
467,0741541817
467,07443156686
467,07450361141
467,07411015512
467,07474325561
467,07415218024
467,07468423070
467,07896756432
467,079411199225
467,07506472576
467,07446239855
467,07515686268
467,07411336809
467,07446839414
467,07415223262
467,07413897469
467,07442918362
467,07472344338
467,07415887526
467,07505338867
467,07432521318
467,07429569189
467,07445226445
467,07476991364
467,07476986079
467,07445808744
467,07429629668
467,07424644355
467,07411322497
467,04.48E+11
467,07507544932
467,07411088811
467,07500516305
467,07500075023
467,07419926081
467,07463540505
467,07506202445
467,07437011126
467,07423739900
467,07454202240
467,07508348235
467,07447206668
467,07428740000
467,07882932207
467,07473515166
467,07510899807
467,07424504005
467,07476333547
467,07425303241
467,07478320915
467,07429837684
467,0Anderson
467,07443995401
467,07529950708
467,07449787182
467,07474205105
467,07445239661
467,07506564135
467,07472465667
467,0747
467,079454535737
467,007981 583724
467,074299788888
467,07474085759
467,07414886652
467,07785269651
467,07437494848
467,0700000999
467,07506643439
467,07861111422
467,07475438457
467,07459839154
467,07448136654
467,07512878398
467,07457178598
467,07476600824
467,07466005144
467,07449941369
467,07460699962
467,07474303958
467,07449913068
467,07513454885
467,0543567788
467,07478249283
467,07425793336
467,07511926212
467,07425133878
467,07476588361
467,07515170851
467,07507754320
467,01484632478
467,07455560056
467,07443932625
467,07403179007
467,07426058616
467,07500663272
467,07429290748
467,07400990253
467,07473852684
467,0Fuck you
467,07473879964
467,07508764869
467,07476295780
467,07448558324
467,07445270787
467,07502141171
467,04.48E+11
467,07448459611
467,07449566318
467,07432284898
467,07456607468
467,07454992359
467,07437498870
467,02083721888
467,07507505984
467,07428366565
467,07500888675
467,07476494708
467,07450836891
467,07429357227
467,0o7438788980
467,07741707638
467,07736341675
467,07463798067
467,07434738902
467,07475453525
467,07448489887
467,0kawazakipillion1993@gmail
467,0kawasakipillion1993@gmail.com
467,07446897660
467,07474152215
467,07474152215
467,07423514482
467,07454554457
467,07438104377
467,07513911971
467,07415100829
467,07435591924
467,00740 7047019
467,01604317014
467,0754835575
467,04.47E+11
467,07760839010
467,07840978828
467,07411556066
467,07411255333
467,07896639131
467,07429545837
467,07943584024
467,07507935608
467,07447660247
467,07455992888
467,0Gil
467,07429291173
467,07949675693
467,07506447717
467,07476906293
467,07504610183
467,07455131631
467,07473604300
467,07473901103
467,07456518795
467,07414765899
467,07472292513
467,07459330660
467,00
467,07587755002
467,07516211422
467,07885513289
467,07465243327
467,07506613932
467,07405213441
467,07814032441
467,07476570854
467,07842658163
467,07436012939
467,07415269109
467,0745506607
467,07403939689
467,07411518403
467,07500635940
467,07453718333
467,07456632069
467,07404707696
467,07460691776
467,07450918355
467,04.47E+11
467,07463161767
467,07463161767
467,071111111111
467,07460557623
467,07511844908
467,07462890735
467,07674715851
467,07951754539
467,07930038135
467,07429496862
467,07450534520
467,07455774849
467,007468 433740
467,07477978803
467,07462911194
467,07975562084
467,07799534341
467,07463173170
467,07429615299
467,07951820577
467,07955921439
467,07939248866
467,007468 588659
467,07908842523
467,07916801589
467,07948133182
467,07904835755
467,07904290294
467,07472358700
467,07434364847
467,07527619471
467,07427606123
467,07462363969
467,07435885090
467,07534313432
467,07539649044
467,07462484791
467,07462002324
467,07460857286
467,07902676179
467,04.48E+11
467,07941660481
467,07765453180
467,07975571019
467,07999632711
467,07977208064
467,07901926889
467,07787700147
467,07904790190
467,07931358411
467,07981022119
467,07459066355
467,07976304887
467,07500666406
467,07914756976
467,07914248628
467,07904955844
467,007944470!54
467,07950173729
467,07984593300
467,07111111111
467,07456937340
467,07923179068
467,07908410040
467,07971913132
467,07963584168
467,0.
467,07962705550
467,07914672182
467,07462290758
467,07986229940
467,07948571652
467,07869116875
467,07925972762
467,07967874758
467,07926046974
467,07952515981
467,07463456819
467,07936339639
467,07939262594
467,07934930899
467,07964693305
467,07410474644
467,07935906065
467,07411375764
467,07946671757
467,07960288596
467,07402000077
467,07947216320
467,07960297444
467,07472290137
467,07450314661
467,07908466568
467,07951639379
467,07913329593
467,07511373051
467,07908466569
467,07500958863
467,07428655301
467,07914045772
467,07437018990
467,07437027739
467,07972231765
467,07976732809
467,07894546743
467,01215373359
467,07999666999
467,07927398790
467,07902691958
467,07957454369
467,07463806336
467,07958147493
467,07478252962
467,074111267723
467,07983420070
467,07984085691
467,07943513181
467,07956757140
467,07932243404
467,07967420151
467,07923593507
467,0999
467,07999924121
467,07456441214
467,07957220745
467,07919926911
467,07969766963
467,07511410811
467,07926009220
467,07870355513
467,07949232818
467,07983298201
467,07983923052
467,07960209374
467,07982902103
467,07909018510
467,07449053199
467,07474333726
467,07658635756
467,07404608579
467,07966789366
467,07984265735
467,07927286734
467,07946847842
467,04.48E+11
467,07950498081
467,07951680244
467,07961517293
467,07951762468
467,07977245066
467,07963585165
467,007938 185421
467,09099999999
467,07958187060
467,07940204061
467,077789645
467,07933983313
467,07969896370
467,07949337551
467,07968907672
467,07970277747
467,07914060317
467,07961930163
467,07960174927
467,07432677052
467,07940431364
467,07448673211
467,07974273505
467,07935933449
467,07965747463
467,07960291147
467,07984475724
467,04.48E+11
467,07468566742
467,07468320176
467,07950751164
467,07939840872
467,07946350882
467,07922197546
467,07449846584
467,07450655577
467,07949412136
467,07930491619
467,07786351899
467,07931273158
467,04.48E+11
467,07931168521
467,07928017665
467,07984735972
467,07961492731
467,07949933463
467,07903077470
467,07050351765
467,07960652765
467,07946659821
467,07990012011
467,07132435628
467,07915642743
467,07954202117
467,07984421774
467,04.48E+11
467,07974758758
467,07909913641
467,07990435792
467,007946 521925
467,07989624353
467,04.48E+11
467,07926348194
467,07782189653
467,07971528849
467,07944990022
467,07972054212
467,07921934195
467,07982837393
467,07939375833
467,07943465672
467,07985451541
467,07926988498
467,07974491543
467,07900381137
467,07954028609
467,07968393118
467,07939732380
467,07952059411
467,07958772113
467,099999999999
467,07400717979
467,07914868540
467,07946309631
467,07966843094
467,07927626648
467,07975682227
467,07423651928
467,07956044203
467,07904469499
467,07982613652
467,07905340384
467,007904 458 138 
467,07429459921
467,00
467,07913015018
467,07967810414
467,07914377513
467,07473570706
467,07961494464
467,07943685067
467,07971552185
467,07949056954
467,07403639674
467,07956162808
467,07967597166
467,07979507811
467,007943 884084
467,07990535101
467,07780450842
467,07900364117
467,07985312283
467,07980551165
467,07522660121
467,07972402367
467,07930374520
467,07424727492
467,00121 Do one
467,07833251593
467,07757704159
467,07546286908
467,07971505276
467,07745380707
467,07974900355
467,07958170917
467,07763715686
467,07908046261
467,07922576874
467,04.48E+11
467,04.48E+11
467,07814069194
467,07908058242
467,07950178714
467,04.48E+11
467,07960326144
467,07438316006
467,007990 593812
467,07774792218
467,07765761583
467,07975693475
467,07974340899
467,07944289194
467,07904611299
467,07936581869
467,07538600709
467,07895442895
467,07950254746
467,07934579202
467,07950875323
467,02085430455
467,07990830374
467,07904888170
467,07516701123
467,07985235386
467,07940563165
467,07968837640
467,04.48E+11
467,07882750946
467,07961386151
467,07967788678
467,07970111604
467,07512004250
467,07964685141
467,07949395941
467,07890522747
467,07708824826
467,07916492968
467,07908706571
467,04.48E+11
467,07891441258
467,07940326424
467,07984001827
467,07990829387
467,07083643501
467,07961601886
467,07946794568
467,07918101730
467,07718142811
467,07876693356
467,07944178039
467,07896300433
467,07933890654
467,04.47E+11
467,07927112497
467,07960010471
467,07941414164
467,07982149132
467,07985604203
467,07866829309
467,07897424126
467,07980086145
467,07500008531
467,07956809622
467,07951259636
467,07798782383
467,07746823289
467,07968622599
467,07929270936
467,07598912586
467,02890721103
467,07932316256
467,07925314290
467,07505952771
467,07957681417
467,07942881951
467,07778929722
467,07438424128
467,07901351134
467,07902648187
467,07809136359
467,07956051965
467,07919102084
467,07923813504
467,07946521397
467,07969218616
467,07949261150
467,007967 922768 
467,07855353365
467,07912302597
467,07961884749
467,07931722984
467,07944479369
467,07931817159
467,07512332448
467,07955712726
467,0You have it
467,07984610390
467,0Gzhchgd
467,07919694703
467,07980887777
467,04.47E+11
467,07940399253
467,0Obsekebdkb
467,07956041881
467,07808206688
467,07920556417
467,07950927895
467,04.48E+11
467,07460050080
467,07463791848
467,04.48E+11
467,07813564646
467,07961858573
467,07786195326
467,07753387378
467,07707986857
467,07803070172
467,07906120980
467,07450835595
467,0o07949937211
467,07875178331
467,07875178331
467,07557029338
467,07975703933
467,07730460972
467,07984445983
467,07739538292
467,07940582617
467,04.48E+11
467,07788253747
467,07949025255
467,07909403403
467,07990820735
467,07111111111
467,07855826893
467,07843700029
467,07852904277
467,07412595225
467,07411460324
467,07404519741
467,07960835060
467,07846839151
467,07580330365
467,07717114479
467,04.48E+11
467,07891745016
467,07842710140
467,07858093787
467,07562043699
467,07795593681
467,07582699287
467,07503724273
467,07920080442
467,077546321334
467,07514047672
467,07521966504
467,07578507696
467,07510318673
467,07756252498
467,07879771988
467,07534012402
467,04.48E+11
467,07825850360
467,0James Watson
467,07895113243
467,07749149679
467,07706050445
467,07880498740
467,07765165228
467,07419770580
467,07901702053
467,07857802299
467,07951170035
467,07901528724
467,07581572757
467,07772234682
467,07554790012
467,07800994647
467,07864153295
467,07413298157
467,0121
467,07935591846
467,07532020619
467,07791704917
467,07851447903
467,07780458580
467,07985121244
467,07925150439
467,07598220087
467,07929331525
467,0999
467,07877188771
467,07
467,07403861607
467,07561875524
467,07983576388
467,07500846916
467,07757001223
467,07789845080
467,07703435160
467,07962101135
467,07780716989
467,07913806381
467,07522630266
467,07743357799
467,07741780313
467,07533010789
467,07951082678
467,0773427348
467,07732211774
467,07947799084
467,07903349990
467,04.47E+11
467,07840378443
467,07806547437
467,07983019320
467,07710698203
467,07739547464
467,07967904430
467,007916 490294
467,07729789058
467,07825213077
467,07905474040
467,07462924828
467,07955527203
467,07955527203
467,07730778985
467,07990445657
467,07472191680
467,07468576372
467,07784281386
467,07437539838
467,01.22E+13
467,07860467241
467,07944285366
467,04.48E+11
467,07743537235
467,07770505093
467,07779986597
467,0999
467,07772648656
467,07935823552
467,07751171903
467,07443106432
467,07940713998
467,07975588883
467,07807819629
467,07563579617
467,07788278906
467,07934754451
467,07936289656
467,07951281224
467,07926296690
467,07928853290
467,07935423555
467,07974810639
467,07941077157
467,07940917711
467,07930949530
467,03/10/1984
467,07878351086
467,07505303302
467,07442335545
467,07450843352
467,07901359138
467,07927424581
467,07599362543
467,08921888333
467,07465193325
467,07814838140
467,07774608387
467,07830023024
467,07056603230
467,07587840008
467,07702055674
467,07980458788
467,07581279882
467,07740340058
467,07852163309
467,097
467,07581665458
467,07717508914
467,0O7706050445
467,0Mandarin
467,07999991744
467,07927519543
467,07932437883
467,07449328503
467,07966190413
467,07934456781
467,07462894547
467,07713439985
467,07926583336
467,07841617474
467,07850535614
467,007788 486246
467,07956109376
467,07951287668
467,07936296326
467,07975928537
467,07949481023
467,07460967159
467,07521660134
467,07827787443
467,07474245087
467,07459423475
467,07758944461
467,07908775152
467,07581784527
467,07923991106
467,07729973434
467,07519041933
467,07935453407
467,07757811158
467,04.48E+11
467,0787540628
467,07776236816
467,07504288930
467,07572867542
467,07736842338
467,07930871248
467,0790003654
467,04.48E+11
467,07432658114
467,07511551984
467,07925875079
467,07790563890
467,07871040707
467,07454680317
467,07974840
467,07897160598
467,07786868972
467,07857002680
467,07769996345
467,07424111346
467,007545 764425
467,07427687777
467,07519961655
467,07456067762
467,0bustybubbled16@gmail.com
467,07912363419
467,07967604892
467,07788909389
467,07853430917
467,07960993731
467,07508993097
467,07449520942
467,07951928555
467,07585098492
467,07599678976
467,07851426369
467,07552116488
467,07456436897
467,07905996278
467,07941417829
467,07864016327
467,07855919296
467,07984558631
467,07880034726
467,0Xxxxxxxxxxxxxxx
467,00&#8419;7&#8419;9&#8419;3&#8419;2&#8419;2&#8419;2&#8419;3&#8419;9&#8419;9&#8419;4&#8419;
467,07985473303
467,07796037831
467,07748367950
467,07522733392
467,07476207418
467,07784894612
467,07455898878
467,07930216307
467,0Jeff Morgan
467,07736775672
467,07431322879
467,07855718664
467,07526898584
467,07856029113
467,07794404036
467,0753610135
467,075969278922
467,07577490164
467,04.47E+11
467,07596927892
467,07515727376
467,07811663243
467,07725095341
467,01179734807
467,07926512777
467,0798765421
467,07791125192
467,07782217779
467,07446051952
467,07500874370
467,07896110316
467,0773659777
467,07900436451
467,07837153841
467,07880329304
467,07922169011
467,07524844506
467,07961722696
467,07960089707
467,07837656480
467,07841399345
467,07900438383
467,07446122679
467,04.48E+11
467,07825912797
467,07961494557
467,0999
467,07944252701
467,07462570473
467,07543193913
467,07818115809
467,07792707342
467,07830756396
467,07715011062
467,07712703360
467,07425741101
467,07515004527
467,07914273049
467,04.48E+11
467,07852786848
467,04.48E+11
467,07446226780
467,07562222270
467,07753764610
467,07748280315
467,07973660465
467,07793009985
467,07806678819
467,07917974589
467,07565214859
467,007941 002988 
467,07900091306
467,07854064166
467,07708680073
467,07986257704
467,07415927659
467,07000000000
467,07760962665
467,07456957944
467,07891383850
467,07951590506
467,07455781107
467,07758610833
467,07711210453
467,07513325914
467,07884706207
467,07786026151
467,07429575293
467,07549126816
467,0790386438
467,0077611444;8
467,07980491608
467,07771897879
467,07770279518
467,0795696961
467,01772492744
467,07786877730
467,07718261084
467,07877119563
467,07849080694
467,0777645256
467,07888033534
467,0czxczxczxczxc
467,07824965448
467,07810837291
467,00034 62776521
467,007807 355991
467,07790932770
467,07539265663
467,07581456789
467,07445574959
467,07929010978
467,07961656216
467,07581576283
467,07704534779
467,07961506508
467,07593963231
467,07858731175
467,07528488222
467,07743030295
467,07477537599
467,07711083584
467,07468579083
467,07442193220
467,0773600851
467,07939328455
467,0723103399
467,07856225386
467,07552702181
467,07783033194
467,0  O131 665 6967
467,03
467,07900852208
467,07448630394
467,07749031871
467,07500307841
467,07552533206
467,07837234471
467,0973649569
467,07825638138
467,07768811265
467,0+442082414358, 07860747868
467,07770999999
467,07585802532
467,07795961776
467,04.48E+11
467,07472818119
467,07752661919
467,07775334938
467,07591865632
467,07944141990
467,07827999683
467,07732985716
467,07926407194
467,07843300264
467,07719032857
467,04.48E+11
467,07976204060
467,07787360423
467,007950 377067
467,07472403234
467,07793452822
467,07935972687
467,07717788214
467,07585282851
467,07775849588
467,07920706727
467,07710488501
467,07917302320
467,04.47E+11
467,07780995971
467,07549050892
467,07723329018
467,07843394899
467,07853252724
467,07900535554
467,07791985372
467,07535473265
467,07803561242
467,02072209622
467,07836281444
467,07412686685
467,07791382085
467,07904567321
467,07762281359
467,07834471662
467,07923393390
467,07777888777
467,07787532801
467,07475157967
467,07526727210
467,007735 499922
467,07889870792
467,07909335584
467,07754876345
467,07960671814
467,07561093930
467,07706187609
467,07917961598
467,07968142397
467,07473885172
467,07748834511
467,07845061945
467,099999999999
467,07771472986
467,07917519048
467,07967512424
467,07961907922
467,07989828341
467,07447762655
467,07805500119
467,00743 4079856
467,07800509081
467,07961446404
467,07785867179
467,07974782943
467,07946313333
467,06860458717
467,07456565796
467,07763134216
467,07961199756
467,07814525994
467,079100137
467,07725992301
467,07735614939
467,07720879003
467,07964029643
467,0O7777777777
467,07849338129
467,07528644934
467,07833469702
467,07591575779
467,01637872349
467,07565727224
467,07803205662
467,07814657710
467,07904489244
467,07709309506
467,07525407170
467,07812540635
467,07903133774
467,07944167559
467,07970150381
467,07824186935
467,07756645330
467,07810354944
