485,07849737944
485,07581600222
485,07412045774
485,07999966666
485,07950027478
485,07973296601
485,07895548687
485,07530220755
485,07525363473
485,07977477253
485,07955161942
485,07971564346
485,07860495362
485,07525399722
485,07775614471
485,07787576064
485,07971552079
485,07896952384
485,07505712765
485,07985469694
485,07973382791
485,07989757346
485,07403329861
485,07740125243
485,07729357643
485,07932033564
485,07951222235
485,07776261414
485,07548899469
485,07951552378
485,07751379165
485,07904333584
485,07922015371
485,07979120715
485,07969892760
485,07710588476
485,07747038053
485,07492645441
485,07768546987
485,07906995109
485,07967138515
485,07821779265
485,07720912899
485,07512132516
485,07923619901
485,07979854527
485,07973895989
485,07788618804
485,07706217208
485,07868722213
485,07583318451
485,07935183833
485,07789965584
485,07432494918
485,07904790725
485,07990100000
485,07774464312
485,07789461449
485,07977053654
485,07587181995
485,07753469414
485,07718170505
485,07960158262
485,07791659428
485,07955507735
485,07783589895
485,07842907838
485,07770161776
485,07525425477
485,07968639058
485,07918481387
485,07712816994
485,07775433680
485,07816962616
485,07747300374
485,07771502110
485,07788319054
485,07714738239
485,07969524188
485,07766229460
485,07887640606
485,07776728424
485,07979055374
485,07958725721
485,07985181629
485,07540891993
485,07831802728
485,07827883926
485,07423139254
485,07813521113
485,07969020047
485,07951670294
485,07950741886
485,07803253678
485,07904365919
485,07584043941
485,07851452727
485,07870591042
485,07966066616
485,07786858068
485,07557804220
485,07570910332
485,07455952325
485,07897644321
485,07950572527
485,07795967945
485,07801968850
485,07745305808
485,07911911911
485,07752730034
485,07966660403
485,07881663312
485,07881912775
485,07989231952
485,07427456974
485,07888078133
485,07539391252
485,07747867719
485,07977097794
485,07784281112
485,07863106845
485,07522823301
485,07909573480
485,07838230066
485,07544074646
485,07169327927
485,07969921665
485,07900964082
485,07716211165
485,07581008569
485,07772920156
485,07891270619
485,07779213897
485,07975598099
485,07450291063
485,07770198196
485,07534587263
485,07856613964
485,07715347089
485,07789287756
485,07935722993
485,07851213424
485,07865924256
485,07786436156
485,07869832780
485,07515717503
485,07727635654
485,07564033823
485,07790142801
485,07548485392
485,07596454529
485,07400534645
485,07867152341
485,07516268321
485,07983803988
485,07584667631
485,07584245526
485,07770412931
485,07979702149
485,07405085442
485,07789931061
485,07979795897
485,07717211824
485,07769417243
485,07938801339
485,07890554190
485,07766111663
485,07944023379
485,07900904839
485,07534539637
485,07769586054
485,07837044162
485,07805288437
485,07400888140
485,07932523123
485,07077453542
485,07474578296
485,07747718625
485,07816449072
485,07974467276
485,07776718498
485,07743051768
485,07507765518
485,07909355132
485,07782275830
485,07957266940
485,07773123123
485,07720418051
485,07572461779
485,07851160073
485,07899803102
485,07812713338
485,07745973191
485,07818503649
485,07890021612
485,07859327733
485,07775831885
485,07919486052
485,07775810105
485,07719103042
485,07787470056
485,07776941298
485,07453262934
485,07508437000
485,07767307681
485,07917205031
485,07709997420
485,07767379797
485,07506722416
485,07768937139
485,07505432451
485,07763549300
485,07544087894
485,07969469018
485,07855548313
485,07790327431
485,07979237143
485,07958314965
485,07970256257
485,07889847149
485,07974017620
485,07947701086
485,07956300668
485,07714415954
485,07716968279
485,07791800404
485,07966736330
485,07768752223
485,07845876634
485,07997242321
485,07852120644
485,07612632165
485,07989131120
485,07850380631
485,07540722765
485,07576846302
485,07972961747
485,07878323127
485,07523771426
485,07775941298
485,07527295244
485,07595313113
485,07815611113
485,07828669398
485,07930676229
485,07985205154
485,07765833456
485,07737755501
485,07886375070
485,07836720027
485,07976732428
485,07845308255
485,07745378237
485,07720739599
485,07705123456
485,07870136106
485,07714002283
485,07766384595
485,07946644386
485,07543321076
485,07766452368
485,07853171002
485,07765152689
485,07768715466
485,07554981133
485,07867978208
485,07929330053
485,07591824429
485,07961100079
485,07961673551
485,07906410451
485,07704689402
485,07587722113
485,07766528349
485,07737136737
485,07976242576
485,07914215904
485,07737715272
485,07738221547
485,07714427824
485,07712814542
485,07717871923
485,07714568756
485,07561201729
485,07531088549
485,07939279525
485,07779571568
485,07734448477
485,07951217499
485,07732399533
485,07854291853
485,07966386374
485,07501885245
485,07881049930
485,07983554890
485,07946633386
485,07927813133
485,07401000700
485,07593819052
485,07518551701
485,07775211475
485,07793060128
485,07904315477
485,07902139944
485,07462880391
485,07425386088
485,07967731954
485,07811453442
485,07773897195
485,07868844109
485,07743752417
485,07778099048
485,07732176270
485,07473948915
485,07973982177
485,07918802634
485,07972813568
485,07710694169
485,07855421630
485,07539290281
485,07956896708
485,07597976284
485,07826565453
485,07539835105
485,07794562102
485,07780997695
485,07747830158
485,07854123618
485,07770659874
485,07525336029
485,07448157553
485,07363836893
485,07988007174
485,07766668990
485,07906265583
485,07500267742
485,07814507645
485,07960902191
485,07852940634
485,07717354736
485,07775997258
485,07919145737
485,07766822095
485,07880940830
485,07503796579
485,07768702552
485,07769291411
485,07720892936
485,07861792978
485,07974971256
485,07876238986
485,07944100177
485,07909954255
485,07428345282
485,07732500928
485,07756145302
485,07754835380
485,07403034208
485,07730472081
485,07904440290
485,07783088035
485,07543902158
485,07929782712
485,07505407715
485,07508227788
485,07674356278
485,07767336485
485,07779357357
485,07982181270
485,07961575227
485,07800914682
485,07865071549
485,07809644321
485,07525628109
485,07595177298
485,07980931261
485,07711968009
485,07523247979
485,07854124852
485,07956531501
485,07879083038
485,07919534114
485,07986068594
485,07812765756
485,07747271150
485,07832369467
485,07790509394
485,07769251171
485,07985275762
485,07729743208
485,07774028571
485,07427617474
485,07535509793
485,07847401256
485,07917985558
485,07887350366
485,07786777818
485,07966292624
485,07429337763
485,07775124918
485,07790127852
485,07751864447
485,07811380745
485,07727107059
485,07757663230
485,07838594463
485,07522614708
485,07743392959
485,07867414108
485,07540094347
485,07872177867
485,07525866840
485,07852196343
485,07745032629
485,07974750366
485,07413725197
485,07254529653
485,07850373117
485,07979918437
485,07949433336
485,07516638715
485,07828896885
485,07819818894
485,07565521274
485,07768120174
485,07936617631
485,07875351793
485,07885475343
485,07768493371
485,07772300363
485,07707313058
485,07719462794
485,07801882074
485,07863059544
485,07973875623
485,07538642003
485,07861936555
485,07880547214
485,07530988459
485,07887762183
485,07873714722
485,07955306498
485,07908581223
485,07452689049
485,07791112800
485,07552239100
485,07502645236
485,07837041699
485,07708479619
485,07999858090
485,07546092792
485,07791156322
485,07436795821
485,07403712591
485,07957078938
485,07825551383
485,07772216544
485,07929625174
485,07999777888
485,07903530951
485,07817429944
485,07740867966
485,07896325421
485,07919345809
485,07775813780
485,07707732997
485,07771781405
485,07727201585
485,07943822303
485,07957784829
485,07944005789
485,07780530384
485,07867786543
485,07472288826
485,07541656243
485,07791065048
485,07747773861
485,07545205393
485,07549004561
485,07837717394
485,07900555185
485,07807900270
485,07843992747
485,07455094251
485,07716336153
485,07742019661
485,07866570965
485,07989782528
485,07777776788
485,07896786945
485,07813884780
485,07855701828
485,07980925216
485,07758440036
485,07594000303
485,07771461119
485,07745700439
485,07909993288
485,07951992248
485,07888836421
485,07966030494
485,07805627917
485,07710065368
485,07831159433
485,07796109902
485,07530835934
485,07449103425
485,07707756282
485,07976788881
485,07786291840
485,07825510206
485,07751358292
485,07956083001
485,07894524993
485,07905477785
485,07973116086
485,07716530023
485,07468486513
485,07909404044
485,07831606645
485,07715123156
485,07598836737
485,07955680895
485,07456445222
485,07852839218
485,07502435518
485,07526653087
485,07891160287
485,07447021675
485,07846385724
485,07528270382
485,07834234825
485,07727757714
485,07933522015
485,07528044674
485,07716432923
485,07810596808
485,07961431815
485,07713232944
485,07771348723
485,07886971951
485,07938166267
485,07771995758
485,07768384938
485,07587010101
485,07805999909
485,07940464400
485,07548498288
485,07817728488
485,07909695756
485,07821180958
485,07880366972
485,07806677208
485,07706400964
485,07738164228
485,07968633245
485,07966700380
485,07981234567
485,07883615111
485,07799058743
485,07892831227
485,07754726240
485,07970153783
485,07979006062
485,07939434128
485,07427637560
485,07580414828
485,07865298121
485,07415507792
485,07725110601
485,07896234153
485,07887955801
485,07866693889
485,07752618614
485,07961404258
485,07873837577
485,07505433709
485,07845675896
485,07872127205
485,07507797256
485,07964447240
485,07786417013
485,07803667834
485,07974695428
485,07880366716
485,07771547821
485,07999253408
485,07519606792
485,07762875921
485,07944520698
485,07525758520
485,07532439682
485,07704239713
485,07800666693
485,07595974056
485,07432598505
485,07980187228
485,07885214321
485,07901360866
485,07923483983
485,07539750921
485,07502328551
485,07771651695
485,07916078402
485,07771773684
485,07771926385
485,07541493912
485,07707595636
485,07812373092
485,07899345799
485,07961378099
485,07710347349
485,07510951424
485,07973317744
485,07957210909
485,07719154534
485,07432704002
485,07713318027
485,07980076355
485,07881226161
485,07708866663
485,07739902315
485,07712718881
485,07845668265
485,07795026192
485,07590599392
485,07731112919
485,07678123456
485,07884150448
485,07432091720
485,07972583662
485,07917665850
485,07877342673
485,07502226771
485,07561231186
485,07938020477
485,07976309361
485,07979646468
485,07989988018
485,07584816392
485,07792472274
485,07815582064
485,07512526149
485,07706543303
485,07958409836
485,07972712511
485,07715640425
485,07737980802
485,07525779400
485,07713106776
485,07511074410
485,07880350184
485,07557550456
485,07760226022
485,07818999999
485,07514866678
485,07863677488
485,07931283063
485,07415872218
485,07751598068
485,07754901357
485,07813346691
485,07904931460
485,07894462566
485,07840682629
485,07766796942
485,07796890082
485,07908805495
485,07438417265
485,07989112669
485,07887687181
485,07739035305
485,07889870663
485,07522095316
485,07534009422
485,07766813194
485,07943025500
485,07891665173
485,07770095142
485,07779989124
485,07805428781
485,07539221234
485,07987078900
485,07528172688
485,07733651572
485,07746623617
485,07949319105
485,07926548334
485,07913349452
485,07874646451
485,07746942965
485,07512552221
485,07415236276
485,07841117975
485,07981245789
485,07971467722
485,07440075950
485,07963856288
485,07551047220
485,07779451188
485,07976384735
485,07970734678
485,07578921319
485,07908699339
485,07828076309
485,07900448746
485,07784384529
485,07749426699
485,07917453766
485,07774952986
485,07742365477
485,07989265914
485,07815909315
485,07352848237
485,07908978397
485,07776311115
485,07796185749
485,07715111754
485,07967380923
485,07402890343
485,07989132607
485,07930112350
485,07579196328
485,07866862595
485,07990944513
485,07947993985
485,07740762778
485,07946518722
485,07795278000
485,07964742943
485,07502945085
485,07731500719
485,07939466955
485,07870564868
485,07786251071
485,07889446085
485,07472408858
485,07562645418
485,07772433223
485,07732034346
485,07870576855
485,07788797622
485,07779927779
485,07593039928
485,07413496083
485,07544866304
485,07710347932
485,07590277186
485,07787113543
485,07754890260
485,07951551551
485,07946300963
485,07869321448
485,07751552362
485,07851159147
485,07415352864
485,07903181200
485,07583961439
485,07785421532
485,07725846254
485,07947225440
485,07593016918
485,07828123862
485,07553576134
485,07766118653
485,07923651672
485,07891425109
485,07870743014
485,07955387449
485,07944668720
485,07744123356
485,07877698625
485,07747863126
485,07828805199
485,07777456446
485,07850400784
485,07657555555
485,07840120223
485,07867425462
485,07966545889
485,07803307116
485,07842122223
485,07946312626
485,07784214907
485,07887774810
485,07854785352
485,07526015179
485,07519232220
485,07415900235
485,07747424426
485,07854466444
485,07833656589
485,07981874865
485,07432703894
485,07912203056
485,07948419801
485,07776535636
485,07585661884
485,07764745725
485,07957237764
485,07688152980
485,07970939418
485,07931888882
485,07583020973
485,07716240910
485,07702401546
485,07809226442
485,07842167968
485,07576818765
485,07714721205
485,07990016343
485,07956696447
485,07969866800
485,07904336820
485,07453554806
485,07474728316
485,07917890215
485,07732424561
485,07712434903
485,07974662730
485,07711032789
485,07766259549
485,07771786533
485,07710498791
485,07838383838
485,07583173475
485,07853312053
485,07551760694
485,07548544449
485,07976609392
485,07584323870
485,07507705347
485,07947755894
485,07972199842
485,07866597170
485,07974258195
485,07504731160
485,07711647182
485,07958147423
485,07841646505
485,07900783435
485,07732626723
485,07577362151
485,07443137842
485,07833392130
485,07528722370
485,07724835332
485,07956290197
485,07801701454
485,07973712425
485,07855633327
485,07922228387
485,07734102962
485,07954122280
485,07817692918
485,07850315016
485,07515545642
485,07512105443
485,07956770136
485,07771803368
485,07777877554
485,07850693158
485,07440029137
485,07873929659
485,07583868321
485,07961230739
485,07891665520
485,07432670725
485,07771682584
485,07799118820
485,07931588818
485,07918691802
485,07714418769
485,07967765101
485,07878754347
485,07883503552
485,07512054448
485,07429621546
485,07777776677
485,07502838622
485,07550146037
485,07789997164
485,07772527601
485,07801450211
485,07472545103
485,07474053335
485,07899910349
485,07979120548
485,07985716952
485,07518412914
485,07773022403
485,07833527894
485,07828429114
485,07967416193
485,07742587432
485,07971558190
485,07882148783
485,07552450254
485,07881284480
485,07775543692
485,07761568637
485,07707492955
485,07818573882
485,07947744235
485,07542640019
485,07772256308
485,07413865806
485,07429313515
485,07875472732
485,07880325142
485,07784465448
485,07824777880
485,07926591306
485,07584319464
485,07904896070
485,07980009085
485,07879211349
485,07518551702
485,07914381940
485,07534211838
485,07526228298
485,07917076194
485,07557131420
485,07847388981
485,07766444185
485,07787125687
485,07931808586
485,07757771954
485,07979532175
485,07786338118
485,07876171077
485,07817525185
485,07904971204
485,07961841292
485,07949466386
485,07815565012
485,07440701051
485,07794913274
485,07411596217
485,07976939031
485,07920558907
485,07595956359
485,07864357365
485,07539855202
485,07861699810
485,07946502576
485,07827813638
485,07931824348
485,07510625364
485,07723048316
485,07817723614
485,07766812799
485,07123454444
485,07961394129
485,07930495844
485,07437923302
485,07772284234
485,07951298295
485,07411072553
485,07472770285
485,07950811127
485,07702334134
485,07976665318
485,07426892164
485,07870794669
485,07535030288
485,07788132134
485,07973416919
485,07739564438
485,07979015358
485,07581265511
485,07900284614
485,07786385990
485,07725042609
485,07873185500
485,07887477125
485,07530981147
485,07966101238
485,07867973848
485,07792749918
485,07927337800
485,07973530164
485,07967029971
485,07448630349
485,07737717889
485,07713239466
485,07901526583
485,07961810688
485,07708473121
485,07918963271
485,07985663445
485,07817311019
485,07949487870
485,07943837722
485,07935514780
485,07974826284
485,07979084330
485,07960254774
485,07927224304
485,07833288261
485,07788849753
485,07932378881
485,07919382998
485,07770186793
485,07738165688
485,07855956343
485,07429451257
485,07787874313
485,07833461270
485,07931536317
485,07950412287
485,07888838601
485,07784426269
485,07478605070
485,07771588935
485,07413511665
485,07435097800
485,07429965686
485,07831549378
485,07540098247
485,07845140115
485,07790255817
485,07511770111
485,07505422624
485,07972697983
485,07867777589
485,07925441923
485,07747418423
485,07791653397
485,07454657679
485,07447240318
485,07979565616
485,07743112852
485,07821455482
485,07890298215
485,07891011123
485,07956903083
485,07927289908
485,07738370943
485,07773085255
485,07938032592
485,07901757693
485,07828405126
485,07766023355
485,07738077225
485,07793656020
485,07737340746
485,07957646523
485,07949773692
485,07971917550
485,07591555369
485,07867513996
485,07972211415
485,07432395712
485,07981620646
485,07885986433
485,07949286993
485,07833489396
485,07737867670
485,07504313242
485,07952314576
485,07851223788
485,07749572907
485,07807505101
485,07758518103
485,07712215677
485,07852802924
485,07846202565
485,07880882178
485,07852125632
485,07983770943
485,07778587575
485,07968189793
485,07926116316
485,07880353296
485,07979838195
485,07841100353
485,07786034945
485,07596045336
485,07955959923
485,07896812396
485,07790328983
485,07711563891
485,07887421779
485,07741772208
485,07956602811
485,07514191624
485,07939915103
485,07873139473
485,07856271215
485,07956369785
485,07859905519
485,07947383067
485,07789549540
485,07792239374
485,07951554382
485,07539326289
485,07588618310
485,07977551034
485,07956340171
485,07446744748
485,07747191128
485,07799171245
485,07746177719
485,07971314091
485,07908620262
485,07867314270
485,07783600733
485,07966162410
485,07508872588
485,07803830044
485,07770623460
485,07768046533
485,07774005148
485,07974581904
485,07976179696
485,07557406047
485,07411078134
485,07522082446
485,07746954996
485,07790099099
485,07788887072
485,07714748329
485,07931837697
485,07964499204
485,07502576662
485,07972061199
485,07976640269
485,07734287543
485,07970482608
485,07751345674
485,07769712328
485,07891700810
485,07949693548
485,07543809691
485,07983560459
485,07737254183
485,07533448405
485,07941951806
485,07889556544
485,07591205196
485,07592721453
485,07917834673
485,07502325338
485,07900660575
485,07812600665
485,07850341246
485,07903800812
485,07849712434
485,07584578689
485,07800657528
485,07590849501
485,07880341070
485,07739978661
485,07858455009
485,07983790191
485,07780002412
485,07950406253
485,07481577655
485,07951930402
485,07879036737
485,07740091893
485,07771229435
485,07752854001
485,07971423052
485,07833444720
485,07956498172
485,07903297300
485,07943340803
485,07843194656
485,07866476735
485,07505274363
485,07931793306
485,07867315351
485,07918253928
485,07824751324
485,07709209844
485,07931237021
485,07557370125
485,07543336788
485,07853932802
485,07482454663
485,07977201279
485,07771544135
485,07846561501
485,07776457095
485,07581267123
485,07515951628
485,07974306876
485,07554001638
485,07929224301
485,07876387502
485,07500557586
485,07964630159
485,07828103706
485,07856339181
485,07837111082
485,07962990114
485,07771465346
485,07855047880
485,07871637001
485,07921543359
485,07946854229
485,07823446702
485,07881380104
485,07757748133
485,07970679019
485,07848437096
485,07790230150
485,07917974589
485,07973551684
485,07791109037
485,07947111343
485,07899095058
485,07817777081
485,07800584485
485,07954466210
485,07792561062
485,07766928161
485,07812305203
485,07931901776
485,07769483940
485,07926396843
485,07812399156
485,07775037166
485,07868723321
485,07778790335
485,07979458205
485,07539607077
485,07512299091
485,07943991990
485,07932613752
485,07851800657
485,07738005966
485,07989681274
485,07900628166
485,07954361698
485,07832703647
485,07778483430
485,07809363695
485,07845077178
485,07841689826
485,07860736713
485,07502721467
485,07949346375
485,07813323292
485,07456820921
485,07903219320
485,07772980059
485,07778108830
485,07873200558
485,07973961746
485,07814555162
485,07931865903
485,07789741742
485,07896915371
485,07987521653
485,07939980215
485,07986536573
485,07538936308
485,07466632809
485,07775588676
485,07808216521
485,07877698117
485,07940602509
485,07919922428
485,07075075605
485,07852369412
485,07850250387
485,07940701011
485,07731835089
485,07527649399
485,07711326213
485,07830641541
485,07948776910
485,07502788633
485,07766335739
485,07979032871
485,07770306195
485,07881956142
485,07925335826
485,07733451578
485,07950225230
485,07777778776
485,07766083346
485,07768654123
485,07946728648
485,07741712913
485,07817009680
485,07846527892
485,07960158263
485,07574191205
485,07982626976
485,07525905066
485,07321659871
485,07783689375
485,07940189794
485,07817037784
485,07703618828
485,07904780284
485,07846229747
485,07904048587
485,07788664433
485,07930231886
485,07706011801
485,07899551075
485,07866192755
485,07508214270
485,07967859922
485,07939919565
485,07794574762
485,07472394593
485,07790975907
485,07463382741
485,07533708023
485,07429426119
485,07545707490
485,07793451032
485,07939624570
485,07864091826
485,07771834410
485,07874186740
485,07949285637
485,07870948063
485,07759646656
485,07971761806
485,07746425309
485,07815535486
485,07920149423
485,07729212443
485,07774497784
485,07846151957
485,07864215209
485,07870785615
485,07519997533
485,07975791521
485,07943214070
485,07745546437
485,07946477478
485,07591768055
485,07793531834
485,07875374000
485,07979250491
485,07788757775
485,07710623444
485,07800010205
485,07414938292
485,07545310184
485,07515877970
485,07950374372
485,07748865461
485,07717797184
485,07762408648
485,07972789900
485,07875992176
485,07743510112
485,07952141347
485,07909520415
485,07743370741
485,07957218576
485,07792687566
485,07502788198
485,07721892959
485,07936563910
485,07754171859
485,07486366066
485,07900956011
485,07747574828
485,07912305768
485,07717228766
485,07772063017
485,07989246673
485,07948711617
485,07507698798
485,07786172077
485,07709137760
485,07812586790
485,07588569996
485,07814424899
485,07521999790
485,07758516719
485,07433779541
485,07989654999
485,07373737373
485,07942388555
485,07800819252
485,07920425141
485,07881020766
485,07413548101
485,07736528543
485,07980928047
485,07932997352
485,07881378317
485,07900899406
485,07811986482
485,07538581254
485,07926393905
485,07956897755
485,07984739403
485,07834047366
485,07580380268
485,07966349786
485,07733787870
485,07472155000
485,07851637359
485,07765255222
485,07895230194
485,07984815255
485,07833234110
485,07861485791
485,07983440777
485,07425224797
485,07977553511
485,07984362992
485,07902757464
485,07908932392
485,07350198762
485,07572043491
485,07766637719
485,07812679261
485,07572687473
485,07881349980
485,07790356895
485,07817290048
485,07771847144
485,07903807993
485,07955032769
485,07899913930
485,07716253748
485,07747073481
485,07747797297
485,07949239778
485,07766273874
485,07454577735
485,07000999888
485,07712718111
485,07944134500
485,07958078774
485,07933698558
485,07766276994
485,07552533285
485,07733486068
485,07983491688
485,07771088269
485,07789611987
485,07984307712
485,07864369875
485,07763901227
485,07944333981
485,07740352728
485,07760366704
485,07768923632
485,07896558008
485,07595843368
485,07415345964
485,07514877954
485,07928816748
485,07546443780
485,07801506150
485,07720290708
485,07738824004
485,07745077927
485,07817366476
485,07985130915
485,07833825988
485,07856696969
485,07522255932
485,07775334779
485,07786590610
485,07979104109
485,07586056975
485,07972464801
485,07547008656
485,07938222395
485,07590428877
485,07973621418
485,07876518569
485,07568599787
485,07745137961
485,07999466635
485,07979416758
485,07765372759
485,07591889241
485,07803960303
485,07900275261
485,07729761039
485,07812024915
485,07475795857
485,07557442542
485,07879993519
485,07745543357
485,07948621748
485,07456919315
485,07827278293
485,07946797718
485,07790612954
485,07588004077
485,07957373908
485,07747407640
485,07580139689
485,07811044685
485,07861684688
485,07957782901
485,07792073115
485,07591670294
485,07885854319
485,07919532021
485,07502735165
485,07502886796
485,07779307015
485,07540198847
485,07837388019
485,07861828992
485,07810370244
485,07801089653
485,07502424418
485,07591816132
485,07817094975
485,07788754872
485,07685432688
485,07773110393
485,07825146630
485,07831159425
485,07968888323
485,07790511344
485,07584013870
485,07502313552
485,07507637469
485,07901961725
485,07809659880
485,07788703370
485,07747411126
485,07766955288
485,07824160019
485,07759514289
485,07801234567
485,07414736720
485,07511358167
485,07926407194
485,07594901801
485,07833556818
485,07737855840
485,07757709336
485,07448805711
485,07956998853
485,07933636813
485,07989461428
485,07447947819
485,07746103874
485,07957181681
485,07730038735
485,07768824811
485,07790333665
485,07714525373
485,07961927327
485,07902340548
485,07548207204
485,07466054461
485,07877191725
485,07930750839
485,07805574329
485,07768320290
485,07773734687
485,07791014753
485,07900261827
485,07939505027
485,07454009612
485,07812122745
485,07873726662
485,07876702975
485,07942171200
485,07814714012
485,07988774769
485,07784720597
485,07432617322
485,07971471678
485,07875289420
485,07815678947
485,07766179339
485,07910130384
485,07999666325
485,07969366518
485,07932965418
485,07972010848
485,07732264821
485,07972878808
485,07985123877
485,07775092311
485,07940371149
485,07968717556
485,07503955140
485,07903643224
485,07789967000
485,07944099811
485,07828898264
485,07787748259
485,07814967595
485,07526536353
485,07979898433
485,07768937131
485,07756665601
485,07789938519
485,07703766686
485,07860715614
485,07984228684
485,07771010468
485,07950691310
485,07457235009
485,07836696618
485,07859042238
485,07584678597
485,07956122955
485,07412104351
485,04.48E+11
485,07523398481
485,07545236000
485,07850592608
485,07411936693
485,07796492048
485,07881236672
485,07792472290
485,07426787977
485,07980003366
485,07809773556
485,07945678931
485,07949636124
485,07919199365
485,07584135400
485,07771025793
485,07817095200
485,07538026443
485,07903496711
485,07774855685
485,07759665026
485,07912507902
485,07973712974
485,07957209030
485,07810864104
485,07886744180
485,07881348799
485,07908493182
485,07712712096
485,07536131911
485,07429395370
485,07770803323
485,07874035079
485,07931020078
485,07904763170
485,07538865276
485,07885432679
485,07549790667
485,07530038700
485,07539373719
485,07729563730
485,07945731385
485,07962360643
485,07932928155
485,07902745636
485,07870862867
485,07909305925
485,07757753535
485,07846209624
485,07908375733
485,07779962006
485,07766625046
485,07845065298
485,07970967399
485,07920580344
485,07784435859
485,07463913333
485,07808663011
485,07970072812
485,07865998272
485,07811668090
485,07415790659
485,07861568009
485,07852536684
485,07905765485
485,07958578595
485,07780263329
485,07432153730
485,07766018695
485,07702710625
485,07814487747
485,07772772221
485,07500904887
485,07787787471
485,07967357894
485,07801976348
485,07784869210
485,07242357393
485,07979990000
485,07423082444
485,07925397395
485,07955211386
485,07979035501
485,07459053940
485,07850450004
485,07766700859
485,07971604332
485,07722624177
485,07596825477
485,07917188618
485,07581460078
485,07711204558
485,07971551235
485,07881565176
485,07918522308
485,07469774777
485,07851320464
485,07967344783
485,07884327401
485,07791596926
485,07807044793
485,07759281594
485,07775552222
485,07553623763
485,07971964946
485,07772252637
485,07931836357
485,07940709293
485,07786602529
485,07580009062
485,07816981467
485,07896543765
485,07875441930
485,07946852698
485,07445110221
485,07711133736
485,07884123269
485,07812676293
485,07861790317
485,07791216255
485,07977195155
485,07814525725
485,07482758714
485,07787991993
485,07837174151
485,07949862784
485,07745428833
485,07894059574
485,07737251283
485,07783072136
485,07951216956
485,07855987560
485,07867744467
485,07977460065
485,07814790886
485,07717774883
485,07973306371
485,07983408395
485,07985661690
485,07854765003
485,07890836734
485,07919455744
485,07707857977
485,07715303644
485,07777887789
485,07748582301
485,07779451183
485,07527827187
485,07516321333
485,07917633793
485,07920357821
485,07976028678
485,07425152625
485,07967250976
485,07766617192
485,07805055506
485,07940479877
485,07749135944
485,07835739901
485,07773456789
485,07812005318
485,07791137152
485,07775438848
485,07774222624
485,07780473980
485,07928567701
485,07546793192
485,07941913841
485,07990314847
485,07407416682
485,07714723139
485,07876567432
485,07966361672
485,07958207133
485,07456584066
485,07973908937
485,07802914048
485,07989474675
485,07771683649
485,07781594760
485,07903127566
485,07765994108
485,07411772485
485,07777778877
485,07508409202
485,07710098501
485,07717744718
485,07788676253
485,07771216797
485,07976598414
485,07849722974
485,07768512483
485,07826722828
485,07850456789
485,07936589838
485,07599405397
485,07856045305
485,07973471358
485,07193466155
485,07878886968
485,07827884707
485,07757322144
485,07950342541
485,07845570292
485,07700900975
485,07961359445
485,07814114483
485,07444520689
485,07577587099
485,07469811817
485,07855497308
485,07800657592
485,07935977511
485,07467173591
485,07778499744
485,07452852383
485,07933343609
485,07813066996
485,07971411565
485,07736643622
485,07908749408
485,07854596519
485,07958808055
485,07540433020
485,07811186496
485,07634326195
485,07932957443
485,07425348141
485,07817608381
485,07800610432
485,07950184053
485,07940565735
485,07592359476
485,07732649775
485,07474372559
485,07888719893
485,07810233313
485,07963570859
485,07840785491
485,07856537049
485,07791447473
485,07880209235
485,07584637059
485,07771248870
485,07477578108
485,07713576457
485,07904248302
485,07860466734
485,07874697360
485,07526094136
485,07795373757
485,07932410543
485,07725672116
485,07739427713
485,07576091770
485,07982905904
485,07729565991
485,07595446462
485,07703836859
485,07944312813
485,07814184234
485,07711970459
485,07940418955
485,07902821605
485,07429993766
485,07456601950
485,07775559880
485,07815647520
485,07809667627
485,07966720253
485,07584124653
485,07880362022
485,07923934372
485,07877634561
485,07475676711
485,07795035431
485,07971816733
485,07727129314
485,07877788603
485,07733127098
485,07477595578
485,07749496749
485,07503911991
485,07552667019
485,07702127124
485,07810357348
485,07810077999
485,07989635216
485,07981956097
485,07970417541
485,07960459609
485,07907897596
485,07879332201
485,07777888866
485,07882812961
485,07739793628
485,07966469738
485,07974596959
485,07990517386
485,07771211322
485,07812068748
485,07747021044
485,07587207343
485,07968091086
485,07875299199
485,07749718802
485,07551236236
485,07901330549
485,07837476085
485,07723456554
485,07595463871
485,07989113081
485,07851979286
485,07547317104
485,07415696706
485,07837344968
485,07588900601
485,07588419034
485,07964449677
485,07538224923
485,07852181730
485,07775449749
485,07478684940
485,07970002385
485,07889572889
485,07917835162
485,07979901213
485,07724949091
485,07599293187
485,07845734403
485,07708577640
485,07981111111
485,07786234998
485,07815557758
485,07810091005
485,07502876985
485,07787405051
485,07923647851
485,07917873814
485,07791292054
485,07884231378
485,07807827273
485,07429145495
485,07517440817
485,07818418314
485,07788844298
485,07806693941
485,07821728345
485,07709880811
485,07775587844
485,07802707574
485,07807186173
485,07787773846
485,07779050359
485,07939043349
485,07958205477
485,07808553694
485,07881460917
485,07741111487
485,07926609081
485,07807705347
485,07948269669
485,07515730544
485,07792564744
485,07544630525
485,07887841743
485,07779657008
485,07771454599
485,07793826436
485,07818027647
485,07975645357
485,07961711176
485,07871877249
485,07775466427
485,07956202195
485,07598846731
485,07974642716
485,07976614242
485,07714105157
485,07788961214
485,07557409011
485,07809218300
485,07762404489
485,07769370280
485,07502522703
485,07816453759
485,07554531475
485,07702825522
485,07729574071
485,07791463716
485,07713256785
485,07813162677
485,07866118687
485,07889667529
485,07275569436
485,07923241222
485,07799904104
485,07999551123
485,07581219258
485,07934763287
485,07768409629
485,07795557461
485,07904524239
485,07974697360
485,07957956200
485,07580189460
485,07973846415
485,07766483219
485,07956923405
485,07813640257
485,07583427369
485,07709659478
485,07427622081
485,07544824139
485,07500722578
485,07886995774
485,07950777000
485,07469430183
485,07562853874
485,07585257864
485,07807101844
485,07990683103
485,07722408561
485,07772923749
485,07922945122
485,07766376801
485,07881805914
485,07845511718
485,07412912821
485,07228447263
485,07944632527
485,07979495182
485,07515409349
485,07789755560
485,07865088815
485,07885122344
485,07921225789
485,07429524553
485,07861416151
485,07809633702
485,07508747822
485,07411828228
485,07708959962
485,07534503693
485,07886335496
485,07590569407
485,07450969502
485,07939995775
485,07527419630
485,07772345622
485,07557223044
485,07832295870
485,07824118103
485,07907293206
485,07877678617
485,07779368691
485,07914853415
485,07777066666
485,07428739495
485,07745836699
485,07890992410
485,07508815560
485,07889207837
485,07972231887
485,07854043477
485,07852396164
485,07586294035
485,07958244214
485,07873153876
485,07999101999
485,07805554433
485,07824443701
485,07584908592
485,07475800795
485,07446000394
485,07432224448
485,07791354071
485,07909833542
485,07980585496
485,07456789071
485,07919314916
485,07701701454
485,07880330690
485,07531865976
485,07801040556
485,07899654327
485,07711262558
485,07904279647
485,07830521928
485,07989113736
485,07979766603
485,07521251275
485,07773246932
485,07402068417
485,07900193241
485,07947754682
485,07577133719
485,07967589918
485,07880329180
485,07716208929
485,07765862935
485,07900632882
485,07510146255
485,07795102143
485,07733331111
485,07841549378
485,07995632179
485,07852299696
485,07903828169
485,07757184807
485,07807993473
485,07801583349
485,07712111186
485,07977257757
485,07985301508
485,07717774544
485,07809427994
485,07869482676
485,07754541245
485,07833432444
485,07863588527
485,07767560189
485,07974514883
485,07894657590
485,07580014580
485,07951558119
485,07519628148
485,07851374221
485,07810238618
485,07866570975
485,07578261227
485,07989600308
485,07456778544
485,07790109723
485,07747143704
485,07445441113
485,07960999785
485,07737975462
485,07578015739
485,07823353697
485,07904958742
485,07856239169
485,07960668897
485,07977812004
485,07586211059
485,07522843182
485,07947004331
485,07717457382
485,07845499139
485,07979526224
485,07402437148
485,07790548279
485,07445251794
485,07876029830
485,07799864196
485,07747725141
485,07816536906
485,07717177664
485,07979987513
485,07654333578
485,07854944945
485,07765190193
485,07720903847
485,07502198256
485,07822027843
485,07969795734
485,07854624804
485,07787313833
485,07887893543
485,07805622558
485,07931003625
485,07455660050
485,07502436459
485,07944661002
485,07905141112
485,07779787624
485,07551076464
485,07455896668
485,07468495867
485,07952552061
485,07766938204
485,07502729957
485,07746526765
485,07584101393
485,07929188233
485,07772204007
485,07970834895
485,07458789254
485,07402983466
485,07834374637
485,07929446053
485,07852541027
485,07971485408
485,07951980187
485,07856511551
485,07979624615
485,07766053555
485,07966108483
485,07507799800
485,07584256484
485,07803804179
485,07502245612
485,07947837111
485,07562815349
485,07780995086
485,07990725182
485,07933881142
485,07926312288
485,07791645587
485,07977822102
485,07845547462
485,07908499898
485,07506748158
485,07974238776
485,07752175841
485,07528770580
485,07967917263
485,07502103069
485,07846818169
485,07411797700
485,07865321456
485,07584625977
485,07974870120
485,07918803594
485,07988835068
485,07903868031
485,07445448855
485,07974653769
485,07814773937
485,07777777567
485,07511654390
485,07786030624
485,07780325375
485,07527690644
485,07502521883
485,07742849654
485,07985547224
485,07951585396
485,07580040842
485,07650533216
485,07704689403
485,07475736296
485,07814721105
485,07950646650
485,07814020786
485,07645678886
485,07980489252
485,07788166122
485,07445541789
485,07510351424
485,07949959558
485,07712191079
485,07979833960
485,07548563369
485,07795438889
485,07597181112
485,07900050300
485,07769667333
485,07799537055
485,07778008808
485,07973565297
485,07740047420
485,07415885914
485,07530446737
485,07741278739
485,07866522549
485,07940198372
485,07708900345
485,07842357898
485,07775652258
485,07580333038
485,07709234244
485,07922584955
485,07702271231
485,07734564403
485,07944073877
485,07725762116
485,07854561367
485,07538413189
485,07960170127
485,07429155354
485,07925137562
485,07771480557
485,07814505030
485,07766791077
485,07713013483
485,07855406974
485,07771392769
485,07596778634
485,07771998276
485,07123435674
485,07904646999
485,07958165293
485,07925133005
485,07968506038
485,07818811208
485,07584060114
485,07780443649
485,07737291667
485,07894210390
485,07775782151
485,07956249223
485,07984501420
485,07979310251
485,07966532393
485,07507854392
485,07956986726
485,07500058033
485,07803199920
485,07886375896
485,07903954927
485,07899708971
485,07903656844
485,07904924447
485,07769355673
485,07806394747
485,07789252836
485,07462313441
485,07438636345
485,07814918957
485,07234567743
485,07805451295
485,07527195300
485,07502732763
485,07585508192
485,07873523753
485,07843915332
485,07759367364
485,07450207863
485,07984602642
485,07826681308
485,07446190793
485,07766525712
485,07745372742
485,07540500057
485,07758073614
485,07845344943
485,07546769493
485,07960326286
485,07595279938
485,07779284756
485,07956356196
485,07584674923
485,07888960740
485,07921976736
485,07958126120
485,07778668514
485,07771079062
485,07702888823
485,07970924927
485,07740283929
485,07956307397
485,07910736526
485,07528896085
485,07534806346
485,07979125889
485,07958754050
485,07541796691
485,07793360452
485,07794002151
485,07973961702
485,07729348563
485,07766614381
485,07854216380
485,07927112269
485,07957142282
485,07553138432
485,07972014492
485,07837275792
485,07515747457
485,07775301124
485,07851412750
485,07721691281
485,07896890940
485,07665443765
485,07919851169
485,07932793284
485,07776256871
485,07876373004
485,07830760694
485,07955540460
485,07582443353
485,07854302763
485,07931679872
485,07889646965
485,07817249230
485,07999663935
485,07925013855
485,07903461399
485,07796171258
485,07502790599
485,07870991216
485,07372747364
485,07543287605
485,07790932691
485,07765432186
485,07984979660
485,07730660456
485,07948606850
485,07594734613
485,07854007007
485,07775933982
485,07811422336
485,07969451852
485,07794312468
485,07807212652
485,07887572505
485,07789567456
485,07590541272
485,07771563120
485,07799604436
485,07941637806
485,07889974718
485,07825114682
485,07940240425
485,07966169126
485,07967177035
485,07538685995
485,07779573542
485,07858701543
485,07575430296
485,07951129239
485,07790067527
485,07561275455
485,07903200954
485,07848484071
485,07737987549
485,07971166823
485,07412917399
485,07988732276
485,07771922765
485,07956695226
485,07864015093
485,07732519902
485,07851023587
485,07585468750
485,07540448806
485,07817983211
485,07771714082
485,07917572997
485,07736113888
485,07850489422
485,07970993233
485,07932584379
485,07778500307
485,07811236308
485,07926874700
485,07502601948
485,07870146775
485,07960148511
485,07979002321
485,07871253856
485,07502408060
485,07596434440
485,07766258502
485,07855782909
485,07913727233
485,07891881880
485,07800556625
485,07730772357
485,07838699694
485,07974901535
485,07818168040
485,07956930170
485,07811286020
485,07584300597
485,07996789321
485,07931008940
485,07972746493
485,07772576841
485,07732246392
485,07508188216
485,07974413037
485,07761234336
485,07738097158
485,07769757730
485,07712409532
485,07538275043
485,07966343108
485,07723088796
485,07550268392
485,07814179280
485,07982614672
485,07741284145
485,07787754145
485,07536848315
485,07736913256
485,07939081363
485,07966349462
485,07792657221
485,07850354946
485,07547328855
485,07502533724
485,07712416122
485,07811948030
485,07989982020
485,07714255735
485,07502622230
485,07858169994
485,07403052586
485,07791656554
485,07027565456
485,07926520416
485,07876435152
485,07478328300
485,07460824689
485,07926477648
485,07813754766
485,07928637663
485,07902040480
485,07466662948
485,07747003209
485,07904771098
485,07855258790
485,07557907985
485,07771407334
485,07771112926
485,07732176279
485,07846001249
485,07801442029
485,07964033329
485,07557415708
485,07561302518
485,07880646999
485,07540603926
485,07874084856
485,07984698885
485,07740088067
485,07831601396
485,07869844080
485,07479918889
485,07768790962
485,07730586951
485,07904758428
485,07518014047
485,07791114375
485,07979366089
485,07903525161
485,07553782988
485,07923356792
485,07731799955
485,07773057230
485,07581195152
485,07591115734
485,07526932263
485,07970641382
485,07904226321
485,07790801365
485,07710610765
485,07860789678
485,07944688694
485,07593123123
485,07712888999
485,07788542124
485,07951970445
485,07502626169
485,07818610319
485,07766517369
485,07728962640
485,07415236987
485,07765536858
485,07829109707
485,07979355088
485,07955426056
485,07948202435
485,07812441834
485,07973116110
485,07949430086
485,07791861521
485,07851236987
485,07778661337
485,07766316100
485,07810715015
485,07936701238
485,07899022648
485,07495042095
485,07866392326
485,07403421200
485,07455222559
485,07944793872
485,07783475252
485,07833456971
485,07930636210
485,07585414145
485,07934934172
485,07584259438
485,07953560552
485,07768204499
485,07510665925
485,07786960713
485,07762838809
485,07758397590
485,07788214948
485,07546471084
485,07725951872
485,07742580266
485,07747408309
485,07562297143
485,07786613559
485,07771365189
485,07513344623
485,07767185728
485,07866118563
485,07986543245
485,07956024054
485,07747428748
485,07720345405
485,07852154876
485,07967837661
485,07553585690
485,07836368222
485,07545168708
485,07930125522
485,07825393390
485,07506697655
485,07773055154
485,07447576431
485,07972409824
485,07833231750
485,07979677345
485,07507869796
485,07968826605
485,07712436956
485,07958497839
485,07565314905
485,07548002400
485,07599435966
485,07876624989
485,07958409838
485,07456231638
485,07870945876
485,07759097604
485,07567898765
485,07973282841
485,07876387228
485,07554654778
485,07877498175
485,07725888888
485,07766330430
485,07743207615
485,07841845429
485,07970102532
485,07975661308
485,07547709106
485,07980352682
485,07584350098
485,07894759712
485,07747135882
485,07917080008
485,07958782012
485,07738586800
485,07502582463
485,07415061553
485,07730331553
485,07333343777
485,07969426077
485,07557912671
485,07910840986
485,07817392529
485,07464481859
485,07881913877
485,07888649180
485,07541680710
485,07772911348
485,07957315399
485,07475139498
485,07933853315
485,07970745722
485,07833248336
485,07515915526
485,07766408420
485,07814944634
485,07986890020
485,07789221056
485,07710594442
485,07867552435
485,07900249810
485,07547004133
485,07970635187
485,07861587304
485,07780798610
485,07917405283
485,07582383192
485,07128104202
485,07815612279
485,07446907496
485,07779544973
485,07919343806
485,07583815257
485,07926396022
485,07933397035
485,07736120861
485,07784765516
485,07583928886
485,07522278382
485,07979150838
485,07525662852
485,07412286675
485,07582024652
485,07800552115
485,07766465216
485,07932056112
485,07857985060
485,07741317360
485,07796896331
485,07534775706
485,07779921220
485,07463219427
485,07782527415
485,07771116075
485,07562735953
485,07771906511
485,07778777787
485,07767945577
485,07833298078
485,07870901073
485,07969812272
485,07713223115
485,07775956753
485,07814506730
485,07968737493
485,07552758981
485,07486026935
485,07790860185
485,07934753326
485,07341198911
485,07521227555
485,07836541462
485,07930856459
485,07977194865
485,07931533474
485,07887279842
485,07707149515
485,07515274504
485,07814963316
485,07926667615
485,07449818013
485,07753372124
485,07861484803
485,07966244740
485,07586582736
485,07581264511
485,07655987654
485,07812068501
485,07882155603
485,07787308606
485,07851024556
485,07460317098
485,07459123789
485,07877343081
485,07919405828
485,07552362884
485,07654324578
485,07909333478
485,07584325784
485,07584680648
485,07900277948
485,07891367623
485,07831719356
485,07778426960
485,07969874739
485,07932585119
485,07850868215
485,07871867849
485,07976741656
485,07811521153
485,07932714732
485,07899006204
485,07766307301
485,07931993313
485,07587697783
485,07533608862
485,07765646225
485,07956310216
485,07791800288
485,07767031796
485,07855308046
485,07809666096
485,07800859000
485,07790879342
485,07964978283
485,07912663343
485,07894760724
485,07824162740
485,07543976577
485,07947664643
485,07732223340
485,07868427963
485,07974998330
485,07918911820
485,07768012419
485,07875407240
485,07772594448
485,07826192030
485,07426911960
485,07940846053
485,07563714793
485,07538356656
485,07866612612
485,07791846566
485,07914533653
485,07877064306
485,07767431147
485,07909908988
485,07594269726
485,07411525325
485,07813273494
485,07703532032
485,07596276524
485,07459853940
485,07581530456
485,07885900054
485,07973267988
485,07853078312
485,07845285039
485,07555965843
485,07464987543
485,07535662526
485,07747210848
485,07816538738
485,07969286401
485,07500359222
485,07411296629
485,07967489860
485,07766325083
485,07912850256
485,07871791338
485,07791082533
485,07805110990
485,07954242550
485,07956438205
485,07980286920
485,07803567834
485,07702440552
485,07909441746
485,07562185405
485,07867413859
485,07912532659
485,07565751492
485,07778448638
485,07792078167
485,07946518733
485,07733265364
485,07886786171
485,07903100504
485,07843472467
485,07904666258
485,07966514258
485,07711051179
485,07766791339
485,07904008795
485,07861612532
485,07771573598
485,07794859239
485,07810765101
485,07479496785
485,07808067709
485,07939218778
485,07907606260
485,07747141191
485,07932478528
485,07727253678
485,07642798665
485,07870496545
485,07982737504
485,07950550482
485,07957297996
485,07719932618
485,07706839020
485,07746383341
485,07861639046
485,07507815542
485,07821386531
485,07572510046
485,07526999999
485,07448630394
485,07562851802
485,07803298572
485,07581251326
